4 3
220.0 330.0
15.0 720.0
15.0 1645.0
1575.0 1645.0
1575.0 720.0
4 2
220.0 320.0
15.0 15.0
15.0 720.0
1575.0 720.0
1575.0 15.0
4 4
320.0 340.0
105.0 105.0
105.0 720.0
1485.0 720.0
1485.0 105.0
4 5
320.0 420.0
105.0 720.0
105.0 1555.0
1485.0 1555.0
1485.0 720.0
6 1
0.0 520.0
40.0 90.0
40.0 300.0
1025.0 300.0
1025.0 505.0
1250.0 505.0
1250.0 90.0
6 1
0.0 520.0
1025.0 680.0
1025.0 995.0
40.0 995.0
40.0 1310.0
1250.0 1310.0
1250.0 680.0
8 9
620.0 770.0
275.0 170.0
275.0 685.0
245.0 685.0
245.0 760.0
275.0 760.0
275.0 1490.0
325.0 1490.0
325.0 170.0
8 9
620.0 770.0
465.0 170.0
465.0 685.0
440.0 685.0
440.0 760.0
465.0 760.0
465.0 1490.0
515.0 1490.0
515.0 170.0
6 9
620.0 770.0
655.0 170.0
655.0 595.0
730.0 595.0
730.0 520.0
705.0 520.0
705.0 170.0
8 9
620.0 770.0
845.0 170.0
845.0 695.0
655.0 695.0
655.0 1490.0
705.0 1490.0
705.0 770.0
895.0 770.0
895.0 170.0
6 9
620.0 770.0
815.0 995.0
815.0 1070.0
845.0 1070.0
845.0 1490.0
895.0 1490.0
895.0 995.0
8 9
620.0 770.0
1035.0 170.0
1035.0 685.0
1010.0 685.0
1010.0 760.0
1035.0 760.0
1035.0 1490.0
1085.0 1490.0
1085.0 170.0
8 9
620.0 770.0
1225.0 170.0
1225.0 685.0
1175.0 685.0
1175.0 760.0
1225.0 760.0
1225.0 1490.0
1275.0 1490.0
1275.0 170.0
4 10
770.0 970.0
175.0 355.0
175.0 420.0
240.0 420.0
240.0 355.0
4 10
770.0 970.0
175.0 1140.0
175.0 1205.0
240.0 1205.0
240.0 1140.0
4 10
770.0 970.0
175.0 1280.0
175.0 1345.0
240.0 1345.0
240.0 1280.0
4 10
770.0 970.0
250.0 690.0
250.0 755.0
315.0 755.0
315.0 690.0
4 10
770.0 970.0
360.0 270.0
360.0 335.0
425.0 335.0
425.0 270.0
4 10
770.0 970.0
360.0 1200.0
360.0 1265.0
425.0 1265.0
425.0 1200.0
4 10
770.0 970.0
360.0 1340.0
360.0 1405.0
425.0 1405.0
425.0 1340.0
4 10
770.0 970.0
445.0 690.0
445.0 755.0
510.0 755.0
510.0 690.0
4 10
770.0 970.0
660.0 525.0
660.0 590.0
725.0 590.0
725.0 525.0
4 10
770.0 970.0
660.0 700.0
660.0 765.0
725.0 765.0
725.0 700.0
4 10
770.0 970.0
745.0 355.0
745.0 420.0
810.0 420.0
810.0 355.0
4 10
770.0 970.0
745.0 1200.0
745.0 1265.0
810.0 1265.0
810.0 1200.0
4 10
770.0 970.0
820.0 1000.0
820.0 1065.0
885.0 1065.0
885.0 1000.0
4 10
770.0 970.0
1015.0 690.0
1015.0 755.0
1080.0 755.0
1080.0 690.0
4 10
770.0 970.0
1120.0 270.0
1120.0 335.0
1185.0 335.0
1185.0 270.0
4 10
770.0 970.0
1120.0 1140.0
1120.0 1205.0
1185.0 1205.0
1185.0 1140.0
4 10
770.0 970.0
1120.0 1280.0
1120.0 1345.0
1185.0 1345.0
1185.0 1280.0
4 10
770.0 970.0
1180.0 690.0
1180.0 755.0
1245.0 755.0
1245.0 690.0
4 10
770.0 970.0
1310.0 355.0
1310.0 420.0
1375.0 420.0
1375.0 355.0
4 10
770.0 970.0
1310.0 495.0
1310.0 560.0
1375.0 560.0
1375.0 495.0
4 10
770.0 970.0
1310.0 1120.0
1310.0 1185.0
1375.0 1185.0
1375.0 1120.0
4 10
770.0 970.0
1310.0 1260.0
1310.0 1325.0
1375.0 1325.0
1375.0 1260.0
8 11
970.0 1220.0
190.0 655.0
190.0 965.0
725.0 965.0
725.0 665.0
655.0 665.0
655.0 895.0
315.0 895.0
315.0 655.0
12 11
970.0 1220.0
175.0 320.0
175.0 590.0
815.0 590.0
815.0 1030.0
175.0 1030.0
175.0 1380.0
245.0 1380.0
245.0 1100.0
885.0 1100.0
885.0 520.0
245.0 520.0
245.0 320.0
16 11
970.0 1220.0
710.0 350.0
710.0 420.0
960.0 420.0
960.0 590.0
1175.0 590.0
1175.0 970.0
980.0 970.0
980.0 1200.0
710.0 1200.0
710.0 1270.0
1050.0 1270.0
1050.0 1040.0
1245.0 1040.0
1245.0 520.0
1030.0 520.0
1030.0 350.0
12 11
970.0 1220.0
130.0 45.0
130.0 215.0
355.0 215.0
355.0 370.0
425.0 370.0
425.0 215.0
1115.0 215.0
1115.0 370.0
1185.0 370.0
1185.0 215.0
1460.0 215.0
1460.0 45.0
12 11
970.0 1220.0
1115.0 1105.0
1115.0 1445.0
425.0 1445.0
425.0 1165.0
355.0 1165.0
355.0 1445.0
130.0 1445.0
130.0 1615.0
1460.0 1615.0
1460.0 1445.0
1185.0 1445.0
1185.0 1105.0
4 11
970.0 1220.0
380.0 655.0
380.0 830.0
510.0 830.0
510.0 655.0
4 11
970.0 1220.0
950.0 655.0
950.0 830.0
1080.0 830.0
1080.0 655.0
4 11
970.0 1220.0
1310.0 320.0
1310.0 1360.0
1400.0 1360.0
1400.0 320.0
4 235
0.0 0.0
130.0 130.0
130.0 1530.0
1460.0 1530.0
1460.0 130.0
