480.256531,1145.834595,1220.000000,488.566742,804.611816,0.000000
175.000000,320.000000,970.000000,0.000001
175.000000,320.000000,995.000000,0.000001
175.000000,320.000000,1020.000000,0.000000
175.000000,320.000000,1045.000000,0.000000
175.000000,320.000000,1070.000000,0.000000
175.000000,320.000000,1095.000000,0.000000
175.000000,320.000000,1120.000000,0.000000
175.000000,320.000000,1145.000000,0.000000
175.000000,320.000000,1170.000000,0.000000
175.000000,320.000000,1195.000000,0.000000
175.000000,426.000000,970.000000,0.000045
175.000000,426.000000,995.000000,0.000035
175.000000,426.000000,1020.000000,0.000027
175.000000,426.000000,1045.000000,0.000021
175.000000,426.000000,1070.000000,0.000016
175.000000,426.000000,1095.000000,0.000013
175.000000,426.000000,1120.000000,0.000010
175.000000,426.000000,1145.000000,0.000007
175.000000,426.000000,1170.000000,0.000006
175.000000,426.000000,1195.000000,0.000004
175.000000,532.000000,970.000000,0.001450
175.000000,532.000000,995.000000,0.001179
175.000000,532.000000,1020.000000,0.000950
175.000000,532.000000,1045.000000,0.000769
175.000000,532.000000,1070.000000,0.000616
175.000000,532.000000,1095.000000,0.000494
175.000000,532.000000,1120.000000,0.000392
175.000000,532.000000,1145.000000,0.000310
175.000000,532.000000,1170.000000,0.000242
175.000000,532.000000,1195.000000,0.000187
175.000000,638.000000,970.000000,0.025163
175.000000,638.000000,995.000000,0.021287
175.000000,638.000000,1020.000000,0.017899
175.000000,638.000000,1045.000000,0.015038
175.000000,638.000000,1070.000000,0.012537
175.000000,638.000000,1095.000000,0.010376
175.000000,638.000000,1120.000000,0.008570
175.000000,638.000000,1145.000000,0.006986
175.000000,638.000000,1170.000000,0.005655
175.000000,638.000000,1195.000000,0.004495
175.000000,744.000000,970.000000,0.236544
175.000000,744.000000,995.000000,0.207865
175.000000,744.000000,1020.000000,0.181717
175.000000,744.000000,1045.000000,0.158391
175.000000,744.000000,1070.000000,0.136904
175.000000,744.000000,1095.000000,0.117714
175.000000,744.000000,1120.000000,0.100133
175.000000,744.000000,1145.000000,0.084417
175.000000,744.000000,1170.000000,0.070282
175.000000,744.000000,1195.000000,0.057572
175.000000,850.000000,970.000000,1.195220
175.000000,850.000000,995.000000,1.090301
175.000000,850.000000,1020.000000,0.990558
175.000000,850.000000,1045.000000,0.894952
175.000000,850.000000,1070.000000,0.802114
175.000000,850.000000,1095.000000,0.711780
175.000000,850.000000,1120.000000,0.624042
175.000000,850.000000,1145.000000,0.543381
175.000000,850.000000,1170.000000,0.464602
175.000000,850.000000,1195.000000,0.390587
175.000000,956.000000,970.000000,3.246405
175.000000,956.000000,995.000000,3.079953
175.000000,956.000000,1020.000000,2.902870
175.000000,956.000000,1045.000000,2.712676
175.000000,956.000000,1070.000000,2.510910
175.000000,956.000000,1095.000000,2.301414
175.000000,956.000000,1120.000000,2.076673
175.000000,956.000000,1145.000000,1.852575
175.000000,956.000000,1170.000000,1.626695
175.000000,956.000000,1195.000000,1.400600
175.000000,1062.000000,970.000000,4.757405
175.000000,1062.000000,995.000000,4.676827
175.000000,1062.000000,1020.000000,4.559995
175.000000,1062.000000,1045.000000,4.403943
175.000000,1062.000000,1070.000000,4.194930
175.000000,1062.000000,1095.000000,3.962634
175.000000,1062.000000,1120.000000,3.675802
175.000000,1062.000000,1145.000000,3.355707
175.000000,1062.000000,1170.000000,3.000924
175.000000,1062.000000,1195.000000,2.641952
175.000000,1168.000000,970.000000,3.740260
175.000000,1168.000000,995.000000,3.805202
175.000000,1168.000000,1020.000000,3.829928
175.000000,1168.000000,1045.000000,3.812270
175.000000,1168.000000,1070.000000,3.743685
175.000000,1168.000000,1095.000000,3.619778
175.000000,1168.000000,1120.000000,3.448760
175.000000,1168.000000,1145.000000,3.212088
175.000000,1168.000000,1170.000000,2.927343
175.000000,1168.000000,1195.000000,2.618021
175.000000,1274.000000,970.000000,1.575781
175.000000,1274.000000,995.000000,1.656992
175.000000,1274.000000,1020.000000,1.717730
175.000000,1274.000000,1045.000000,1.757299
175.000000,1274.000000,1070.000000,1.771871
175.000000,1274.000000,1095.000000,1.750134
175.000000,1274.000000,1120.000000,1.701372
175.000000,1274.000000,1145.000000,1.616843
175.000000,1274.000000,1170.000000,1.503851
175.000000,1274.000000,1195.000000,1.361608
246.000000,320.000000,970.000000,0.000002
246.000000,320.000000,995.000000,0.000002
246.000000,320.000000,1020.000000,0.000001
246.000000,320.000000,1045.000000,0.000001
246.000000,320.000000,1070.000000,0.000001
246.000000,320.000000,1095.000000,0.000001
246.000000,320.000000,1120.000000,0.000000
246.000000,320.000000,1145.000000,0.000000
246.000000,320.000000,1170.000000,0.000000
246.000000,320.000000,1195.000000,0.000000
246.000000,426.000000,970.000000,0.000141
246.000000,426.000000,995.000000,0.000110
246.000000,426.000000,1020.000000,0.000085
246.000000,426.000000,1045.000000,0.000066
246.000000,426.000000,1070.000000,0.000051
246.000000,426.000000,1095.000000,0.000039
246.000000,426.000000,1120.000000,0.000030
246.000000,426.000000,1145.000000,0.000023
246.000000,426.000000,1170.000000,0.000017
246.000000,426.000000,1195.000000,0.000013
246.000000,532.000000,970.000000,0.004543
246.000000,532.000000,995.000000,0.003692
246.000000,532.000000,1020.000000,0.002982
246.000000,532.000000,1045.000000,0.002403
246.000000,532.000000,1070.000000,0.001926
246.000000,532.000000,1095.000000,0.001542
246.000000,532.000000,1120.000000,0.001226
246.000000,532.000000,1145.000000,0.000967
246.000000,532.000000,1170.000000,0.000757
246.000000,532.000000,1195.000000,0.000586
246.000000,638.000000,970.000000,0.079170
246.000000,638.000000,995.000000,0.066801
246.000000,638.000000,1020.000000,0.056237
246.000000,638.000000,1045.000000,0.047105
246.000000,638.000000,1070.000000,0.039223
246.000000,638.000000,1095.000000,0.032515
246.000000,638.000000,1120.000000,0.026795
246.000000,638.000000,1145.000000,0.021868
246.000000,638.000000,1170.000000,0.017584
246.000000,638.000000,1195.000000,0.014076
246.000000,744.000000,970.000000,0.739683
246.000000,744.000000,995.000000,0.648211
246.000000,744.000000,1020.000000,0.568981
246.000000,744.000000,1045.000000,0.494524
246.000000,744.000000,1070.000000,0.427485
246.000000,744.000000,1095.000000,0.368105
246.000000,744.000000,1120.000000,0.312431
246.000000,744.000000,1145.000000,0.263028
246.000000,744.000000,1170.000000,0.218913
246.000000,744.000000,1195.000000,0.179082
246.000000,850.000000,970.000000,3.730073
246.000000,850.000000,995.000000,3.410248
246.000000,850.000000,1020.000000,3.098817
246.000000,850.000000,1045.000000,2.797288
246.000000,850.000000,1070.000000,2.499801
246.000000,850.000000,1095.000000,2.223350
246.000000,850.000000,1120.000000,1.950861
246.000000,850.000000,1145.000000,1.692862
246.000000,850.000000,1170.000000,1.445158
246.000000,850.000000,1195.000000,1.216003
246.000000,956.000000,970.000000,10.147174
246.000000,956.000000,995.000000,9.610214
246.000000,956.000000,1020.000000,9.064614
246.000000,956.000000,1045.000000,8.467964
246.000000,956.000000,1070.000000,7.837364
246.000000,956.000000,1095.000000,7.176792
246.000000,956.000000,1120.000000,6.499138
246.000000,956.000000,1145.000000,5.782809
246.000000,956.000000,1170.000000,5.059547
246.000000,956.000000,1195.000000,4.352739
246.000000,1062.000000,970.000000,14.870424
246.000000,1062.000000,995.000000,14.600468
246.000000,1062.000000,1020.000000,14.237054
246.000000,1062.000000,1045.000000,13.731142
246.000000,1062.000000,1070.000000,13.108197
246.000000,1062.000000,1095.000000,12.338284
246.000000,1062.000000,1120.000000,11.444618
246.000000,1062.000000,1145.000000,10.450808
246.000000,1062.000000,1170.000000,9.340586
246.000000,1062.000000,1195.000000,8.186574
246.000000,1168.000000,970.000000,11.685354
246.000000,1168.000000,995.000000,11.883889
246.000000,1168.000000,1020.000000,11.927129
246.000000,1168.000000,1045.000000,11.876710
246.000000,1168.000000,1070.000000,11.658180
246.000000,1168.000000,1095.000000,11.273829
246.000000,1168.000000,1120.000000,10.689568
246.000000,1168.000000,1145.000000,9.990104
246.000000,1168.000000,1170.000000,9.108557
246.000000,1168.000000,1195.000000,8.126848
246.000000,1274.000000,970.000000,4.908725
246.000000,1274.000000,995.000000,5.171371
246.000000,1274.000000,1020.000000,5.346219
246.000000,1274.000000,1045.000000,5.475125
246.000000,1274.000000,1070.000000,5.511021
246.000000,1274.000000,1095.000000,5.452726
246.000000,1274.000000,1120.000000,5.291913
246.000000,1274.000000,1145.000000,5.028492
246.000000,1274.000000,1170.000000,4.669870
246.000000,1274.000000,1195.000000,4.218274
317.000000,320.000000,970.000000,0.000006
317.000000,320.000000,995.000000,0.000004
317.000000,320.000000,1020.000000,0.000003
317.000000,320.000000,1045.000000,0.000002
317.000000,320.000000,1070.000000,0.000002
317.000000,320.000000,1095.000000,0.000001
317.000000,320.000000,1120.000000,0.000001
317.000000,320.000000,1145.000000,0.000001
317.000000,320.000000,1170.000000,0.000000
317.000000,320.000000,1195.000000,0.000000
317.000000,426.000000,970.000000,0.000330
317.000000,426.000000,995.000000,0.000257
317.000000,426.000000,1020.000000,0.000199
317.000000,426.000000,1045.000000,0.000154
317.000000,426.000000,1070.000000,0.000119
317.000000,426.000000,1095.000000,0.000091
317.000000,426.000000,1120.000000,0.000070
317.000000,426.000000,1145.000000,0.000053
317.000000,426.000000,1170.000000,0.000040
317.000000,426.000000,1195.000000,0.000030
317.000000,532.000000,970.000000,0.010592
317.000000,532.000000,995.000000,0.008583
317.000000,532.000000,1020.000000,0.006954
317.000000,532.000000,1045.000000,0.005593
317.000000,532.000000,1070.000000,0.004487
317.000000,532.000000,1095.000000,0.003575
317.000000,532.000000,1120.000000,0.002848
317.000000,532.000000,1145.000000,0.002240
317.000000,532.000000,1170.000000,0.001755
317.000000,532.000000,1195.000000,0.001353
317.000000,638.000000,970.000000,0.183151
317.000000,638.000000,995.000000,0.155135
317.000000,638.000000,1020.000000,0.130279
317.000000,638.000000,1045.000000,0.109378
317.000000,638.000000,1070.000000,0.091026
317.000000,638.000000,1095.000000,0.075473
317.000000,638.000000,1120.000000,0.062110
317.000000,638.000000,1145.000000,0.050626
317.000000,638.000000,1170.000000,0.040745
317.000000,638.000000,1195.000000,0.032587
317.000000,744.000000,970.000000,1.717738
317.000000,744.000000,995.000000,1.508902
317.000000,744.000000,1020.000000,1.320092
317.000000,744.000000,1045.000000,1.149967
317.000000,744.000000,1070.000000,0.994597
317.000000,744.000000,1095.000000,0.850244
317.000000,744.000000,1120.000000,0.724425
317.000000,744.000000,1145.000000,0.608799
317.000000,744.000000,1170.000000,0.506222
317.000000,744.000000,1195.000000,0.415865
317.000000,850.000000,970.000000,8.664229
317.000000,850.000000,995.000000,7.915960
317.000000,850.000000,1020.000000,7.184198
317.000000,850.000000,1045.000000,6.490605
317.000000,850.000000,1070.000000,5.800435
317.000000,850.000000,1095.000000,5.145545
317.000000,850.000000,1120.000000,4.514976
317.000000,850.000000,1145.000000,3.918846
317.000000,850.000000,1170.000000,3.334271
317.000000,850.000000,1195.000000,2.811352
317.000000,956.000000,970.000000,23.568693
317.000000,956.000000,995.000000,22.339653
317.000000,956.000000,1020.000000,20.987750
317.000000,956.000000,1045.000000,19.618836
317.000000,956.000000,1070.000000,18.140067
317.000000,956.000000,1095.000000,16.586299
317.000000,956.000000,1120.000000,14.991913
317.000000,956.000000,1145.000000,13.360568
317.000000,956.000000,1170.000000,11.694642
317.000000,956.000000,1195.000000,10.065014
317.000000,1062.000000,970.000000,34.437778
317.000000,1062.000000,995.000000,33.818284
317.000000,1062.000000,1020.000000,32.961831
317.000000,1062.000000,1045.000000,31.747292
317.000000,1062.000000,1070.000000,30.286469
317.000000,1062.000000,1095.000000,28.532329
317.000000,1062.000000,1120.000000,26.466967
317.000000,1062.000000,1145.000000,24.146759
317.000000,1062.000000,1170.000000,21.575506
317.000000,1062.000000,1195.000000,18.946350
317.000000,1168.000000,970.000000,27.058494
317.000000,1168.000000,995.000000,27.494368
317.000000,1168.000000,1020.000000,27.628835
317.000000,1168.000000,1045.000000,27.463047
317.000000,1168.000000,1070.000000,26.955860
317.000000,1168.000000,1095.000000,26.063697
317.000000,1168.000000,1120.000000,24.708107
317.000000,1168.000000,1145.000000,23.053558
317.000000,1168.000000,1170.000000,21.061741
317.000000,1168.000000,1195.000000,18.777557
317.000000,1274.000000,970.000000,11.395583
317.000000,1274.000000,995.000000,11.949326
317.000000,1274.000000,1020.000000,12.396897
317.000000,1274.000000,1045.000000,12.670222
317.000000,1274.000000,1070.000000,12.739535
317.000000,1274.000000,1095.000000,12.597613
317.000000,1274.000000,1120.000000,12.218453
317.000000,1274.000000,1145.000000,11.595891
317.000000,1274.000000,1170.000000,10.761611
317.000000,1274.000000,1195.000000,9.753660
388.000000,320.000000,970.000000,0.000010
388.000000,320.000000,995.000000,0.000007
388.000000,320.000000,1020.000000,0.000005
388.000000,320.000000,1045.000000,0.000004
388.000000,320.000000,1070.000000,0.000003
388.000000,320.000000,1095.000000,0.000002
388.000000,320.000000,1120.000000,0.000002
388.000000,320.000000,1145.000000,0.000001
388.000000,320.000000,1170.000000,0.000001
388.000000,320.000000,1195.000000,0.000001
388.000000,426.000000,970.000000,0.000570
388.000000,426.000000,995.000000,0.000443
388.000000,426.000000,1020.000000,0.000344
388.000000,426.000000,1045.000000,0.000266
388.000000,426.000000,1070.000000,0.000206
388.000000,426.000000,1095.000000,0.000158
388.000000,426.000000,1120.000000,0.000121
388.000000,426.000000,1145.000000,0.000092
388.000000,426.000000,1170.000000,0.000069
388.000000,426.000000,1195.000000,0.000052
388.000000,532.000000,970.000000,0.018317
388.000000,532.000000,995.000000,0.014824
388.000000,532.000000,1020.000000,0.011980
388.000000,532.000000,1045.000000,0.009654
388.000000,532.000000,1070.000000,0.007759
388.000000,532.000000,1095.000000,0.006160
388.000000,532.000000,1120.000000,0.004898
388.000000,532.000000,1145.000000,0.003847
388.000000,532.000000,1170.000000,0.003012
388.000000,532.000000,1195.000000,0.002336
388.000000,638.000000,970.000000,0.316907
388.000000,638.000000,995.000000,0.268222
388.000000,638.000000,1020.000000,0.225224
388.000000,638.000000,1045.000000,0.188220
388.000000,638.000000,1070.000000,0.156577
388.000000,638.000000,1095.000000,0.129841
388.000000,638.000000,1120.000000,0.106655
388.000000,638.000000,1145.000000,0.086688
388.000000,638.000000,1170.000000,0.070286
388.000000,638.000000,1195.000000,0.055958
388.000000,744.000000,970.000000,2.968469
388.000000,744.000000,995.000000,2.601835
388.000000,744.000000,1020.000000,2.275813
388.000000,744.000000,1045.000000,1.979904
388.000000,744.000000,1070.000000,1.707181
388.000000,744.000000,1095.000000,1.466652
388.000000,744.000000,1120.000000,1.244685
388.000000,744.000000,1145.000000,1.046704
388.000000,744.000000,1170.000000,0.869362
388.000000,744.000000,1195.000000,0.714956
388.000000,850.000000,970.000000,14.943228
388.000000,850.000000,995.000000,13.627059
388.000000,850.000000,1020.000000,12.359495
388.000000,850.000000,1045.000000,11.156007
388.000000,850.000000,1070.000000,9.994587
388.000000,850.000000,1095.000000,8.843230
388.000000,850.000000,1120.000000,7.756189
388.000000,850.000000,1145.000000,6.721599
388.000000,850.000000,1170.000000,5.741364
388.000000,850.000000,1195.000000,4.832614
388.000000,956.000000,970.000000,40.562554
388.000000,956.000000,995.000000,38.402774
388.000000,956.000000,1020.000000,36.108342
388.000000,956.000000,1045.000000,33.718073
388.000000,956.000000,1070.000000,31.163119
388.000000,956.000000,1095.000000,28.485789
388.000000,956.000000,1120.000000,25.757886
388.000000,956.000000,1145.000000,22.901614
388.000000,956.000000,1170.000000,20.046506
388.000000,956.000000,1195.000000,17.228221
388.000000,1062.000000,970.000000,59.255349
388.000000,1062.000000,995.000000,58.136740
388.000000,1062.000000,1020.000000,56.551552
388.000000,1062.000000,1045.000000,54.566114
388.000000,1062.000000,1070.000000,52.017627
388.000000,1062.000000,1095.000000,48.962134
388.000000,1062.000000,1120.000000,45.400424
388.000000,1062.000000,1145.000000,41.347661
388.000000,1062.000000,1170.000000,37.046260
388.000000,1062.000000,1195.000000,32.485161
388.000000,1168.000000,970.000000,46.508544
388.000000,1168.000000,995.000000,47.239510
388.000000,1168.000000,1020.000000,47.508425
388.000000,1168.000000,1045.000000,47.181290
388.000000,1168.000000,1070.000000,46.283064
388.000000,1168.000000,1095.000000,44.661919
388.000000,1168.000000,1120.000000,42.442451
388.000000,1168.000000,1145.000000,39.491033
388.000000,1168.000000,1170.000000,36.012852
388.000000,1168.000000,1195.000000,32.178252
388.000000,1274.000000,970.000000,19.604878
388.000000,1274.000000,995.000000,20.531046
388.000000,1274.000000,1020.000000,21.261374
388.000000,1274.000000,1045.000000,21.723154
388.000000,1274.000000,1070.000000,21.840578
388.000000,1274.000000,1095.000000,21.590770
388.000000,1274.000000,1120.000000,20.922487
388.000000,1274.000000,1145.000000,19.882932
388.000000,1274.000000,1170.000000,18.441988
388.000000,1274.000000,1195.000000,16.717324
459.000000,320.000000,970.000000,0.000012
459.000000,320.000000,995.000000,0.000009
459.000000,320.000000,1020.000000,0.000007
459.000000,320.000000,1045.000000,0.000005
459.000000,320.000000,1070.000000,0.000004
459.000000,320.000000,1095.000000,0.000003
459.000000,320.000000,1120.000000,0.000002
459.000000,320.000000,1145.000000,0.000001
459.000000,320.000000,1170.000000,0.000001
459.000000,320.000000,1195.000000,0.000001
459.000000,426.000000,970.000000,0.000731
459.000000,426.000000,995.000000,0.000569
459.000000,426.000000,1020.000000,0.000440
459.000000,426.000000,1045.000000,0.000342
459.000000,426.000000,1070.000000,0.000264
459.000000,426.000000,1095.000000,0.000202
459.000000,426.000000,1120.000000,0.000154
459.000000,426.000000,1145.000000,0.000117
459.000000,426.000000,1170.000000,0.000088
459.000000,426.000000,1195.000000,0.000066
459.000000,532.000000,970.000000,0.023569
459.000000,532.000000,995.000000,0.019016
459.000000,532.000000,1020.000000,0.015386
459.000000,532.000000,1045.000000,0.012330
459.000000,532.000000,1070.000000,0.009891
459.000000,532.000000,1095.000000,0.007912
459.000000,532.000000,1120.000000,0.006278
459.000000,532.000000,1145.000000,0.004935
459.000000,532.000000,1170.000000,0.003842
459.000000,532.000000,1195.000000,0.002973
459.000000,638.000000,970.000000,0.406628
459.000000,638.000000,995.000000,0.343627
459.000000,638.000000,1020.000000,0.288478
459.000000,638.000000,1045.000000,0.240643
459.000000,638.000000,1070.000000,0.200126
459.000000,638.000000,1095.000000,0.166277
459.000000,638.000000,1120.000000,0.136305
459.000000,638.000000,1145.000000,0.111431
459.000000,638.000000,1170.000000,0.089320
459.000000,638.000000,1195.000000,0.071263
459.000000,744.000000,970.000000,3.796524
459.000000,744.000000,995.000000,3.336641
459.000000,744.000000,1020.000000,2.911032
459.000000,744.000000,1045.000000,2.530953
459.000000,744.000000,1070.000000,2.181153
459.000000,744.000000,1095.000000,1.868285
459.000000,744.000000,1120.000000,1.591779
459.000000,744.000000,1145.000000,1.338833
459.000000,744.000000,1170.000000,1.110567
459.000000,744.000000,1195.000000,0.909706
459.000000,850.000000,970.000000,19.152145
459.000000,850.000000,995.000000,17.436934
459.000000,850.000000,1020.000000,15.807330
459.000000,850.000000,1045.000000,14.256117
459.000000,850.000000,1070.000000,12.742150
459.000000,850.000000,1095.000000,11.303504
459.000000,850.000000,1120.000000,9.890088
459.000000,850.000000,1145.000000,8.567672
459.000000,850.000000,1170.000000,7.322313
459.000000,850.000000,1195.000000,6.147376
459.000000,956.000000,970.000000,51.879803
459.000000,956.000000,995.000000,49.112865
459.000000,956.000000,1020.000000,46.177491
459.000000,956.000000,1045.000000,43.045873
459.000000,956.000000,1070.000000,39.776912
459.000000,956.000000,1095.000000,36.339816
459.000000,956.000000,1120.000000,32.806557
459.000000,956.000000,1145.000000,29.205345
459.000000,956.000000,1170.000000,25.567098
459.000000,956.000000,1195.000000,21.956447
459.000000,1062.000000,970.000000,75.662235
459.000000,1062.000000,995.000000,74.215847
459.000000,1062.000000,1020.000000,72.172269
459.000000,1062.000000,1045.000000,69.571184
459.000000,1062.000000,1070.000000,66.314849
459.000000,1062.000000,1095.000000,62.356998
459.000000,1062.000000,1120.000000,57.775659
459.000000,1062.000000,1145.000000,52.657528
459.000000,1062.000000,1170.000000,47.138229
459.000000,1062.000000,1195.000000,41.321027
459.000000,1168.000000,970.000000,59.414899
459.000000,1168.000000,995.000000,60.254882
459.000000,1168.000000,1020.000000,60.550329
459.000000,1168.000000,1045.000000,60.135418
459.000000,1168.000000,1070.000000,58.938451
459.000000,1168.000000,1095.000000,56.895742
459.000000,1168.000000,1120.000000,53.955073
459.000000,1168.000000,1145.000000,50.246961
459.000000,1168.000000,1170.000000,45.803831
459.000000,1168.000000,1195.000000,40.865340
459.000000,1274.000000,970.000000,24.987269
459.000000,1274.000000,995.000000,26.178655
459.000000,1274.000000,1020.000000,27.127995
459.000000,1274.000000,1045.000000,27.679704
459.000000,1274.000000,1070.000000,27.849104
459.000000,1274.000000,1095.000000,27.511241
459.000000,1274.000000,1120.000000,26.668358
459.000000,1274.000000,1145.000000,25.302831
459.000000,1274.000000,1170.000000,23.449483
459.000000,1274.000000,1195.000000,21.268678
530.000000,320.000000,970.000000,0.000012
530.000000,320.000000,995.000000,0.000009
530.000000,320.000000,1020.000000,0.000007
530.000000,320.000000,1045.000000,0.000005
530.000000,320.000000,1070.000000,0.000004
530.000000,320.000000,1095.000000,0.000003
530.000000,320.000000,1120.000000,0.000002
530.000000,320.000000,1145.000000,0.000001
530.000000,320.000000,1170.000000,0.000001
530.000000,320.000000,1195.000000,0.000001
530.000000,426.000000,970.000000,0.000696
530.000000,426.000000,995.000000,0.000542
530.000000,426.000000,1020.000000,0.000420
530.000000,426.000000,1045.000000,0.000325
530.000000,426.000000,1070.000000,0.000251
530.000000,426.000000,1095.000000,0.000192
530.000000,426.000000,1120.000000,0.000146
530.000000,426.000000,1145.000000,0.000111
530.000000,426.000000,1170.000000,0.000084
530.000000,426.000000,1195.000000,0.000063
530.000000,532.000000,970.000000,0.022386
530.000000,532.000000,995.000000,0.018119
530.000000,532.000000,1020.000000,0.014603
530.000000,532.000000,1045.000000,0.011747
530.000000,532.000000,1070.000000,0.009442
530.000000,532.000000,1095.000000,0.007514
530.000000,532.000000,1120.000000,0.005941
530.000000,532.000000,1145.000000,0.004672
530.000000,532.000000,1170.000000,0.003654
530.000000,532.000000,1195.000000,0.002825
530.000000,638.000000,970.000000,0.387889
530.000000,638.000000,995.000000,0.326672
530.000000,638.000000,1020.000000,0.274261
530.000000,638.000000,1045.000000,0.229007
530.000000,638.000000,1070.000000,0.189920
530.000000,638.000000,1095.000000,0.157531
530.000000,638.000000,1120.000000,0.129349
530.000000,638.000000,1145.000000,0.105393
530.000000,638.000000,1170.000000,0.084668
530.000000,638.000000,1195.000000,0.067529
530.000000,744.000000,970.000000,3.611772
530.000000,744.000000,995.000000,3.171227
530.000000,744.000000,1020.000000,2.768098
530.000000,744.000000,1045.000000,2.394471
530.000000,744.000000,1070.000000,2.072242
530.000000,744.000000,1095.000000,1.773288
530.000000,744.000000,1120.000000,1.505161
530.000000,744.000000,1145.000000,1.266832
530.000000,744.000000,1170.000000,1.051501
530.000000,744.000000,1195.000000,0.863531
530.000000,850.000000,970.000000,18.183723
530.000000,850.000000,995.000000,16.559443
530.000000,850.000000,1020.000000,15.004037
530.000000,850.000000,1045.000000,13.527941
530.000000,850.000000,1070.000000,12.083022
530.000000,850.000000,1095.000000,10.673494
530.000000,850.000000,1120.000000,9.384894
530.000000,850.000000,1145.000000,8.117497
530.000000,850.000000,1170.000000,6.914823
530.000000,850.000000,1195.000000,5.820785
530.000000,956.000000,970.000000,49.307496
530.000000,956.000000,995.000000,46.608224
530.000000,956.000000,1020.000000,43.833223
530.000000,956.000000,1045.000000,40.796107
530.000000,956.000000,1070.000000,37.716494
530.000000,956.000000,1095.000000,34.463011
530.000000,956.000000,1120.000000,31.108426
530.000000,956.000000,1145.000000,27.619268
530.000000,956.000000,1170.000000,24.198243
530.000000,956.000000,1195.000000,20.760737
530.000000,1062.000000,970.000000,71.857951
530.000000,1062.000000,995.000000,70.456750
530.000000,1062.000000,1020.000000,68.487232
530.000000,1062.000000,1045.000000,65.927093
530.000000,1062.000000,1070.000000,62.797377
530.000000,1062.000000,1095.000000,59.020665
530.000000,1062.000000,1120.000000,54.725433
530.000000,1062.000000,1145.000000,49.812141
530.000000,1062.000000,1170.000000,44.557184
530.000000,1062.000000,1195.000000,39.024007
530.000000,1168.000000,970.000000,56.334512
530.000000,1168.000000,995.000000,57.146007
530.000000,1168.000000,1020.000000,57.385920
530.000000,1168.000000,1045.000000,56.914780
530.000000,1168.000000,1070.000000,55.822585
530.000000,1168.000000,1095.000000,53.859065
530.000000,1168.000000,1120.000000,51.061264
530.000000,1168.000000,1145.000000,47.486313
530.000000,1168.000000,1170.000000,43.306905
530.000000,1168.000000,1195.000000,38.640486
530.000000,1274.000000,970.000000,23.710434
530.000000,1274.000000,995.000000,24.803235
530.000000,1274.000000,1020.000000,25.720024
530.000000,1274.000000,1045.000000,26.211136
530.000000,1274.000000,1070.000000,26.325337
530.000000,1274.000000,1095.000000,26.017731
530.000000,1274.000000,1120.000000,25.191655
530.000000,1274.000000,1145.000000,23.916819
530.000000,1274.000000,1170.000000,22.183086
530.000000,1274.000000,1195.000000,20.096456
601.000000,320.000000,970.000000,0.000008
601.000000,320.000000,995.000000,0.000006
601.000000,320.000000,1020.000000,0.000005
601.000000,320.000000,1045.000000,0.000003
601.000000,320.000000,1070.000000,0.000003
601.000000,320.000000,1095.000000,0.000002
601.000000,320.000000,1120.000000,0.000001
601.000000,320.000000,1145.000000,0.000001
601.000000,320.000000,1170.000000,0.000001
601.000000,320.000000,1195.000000,0.000001
601.000000,426.000000,970.000000,0.000495
601.000000,426.000000,995.000000,0.000384
601.000000,426.000000,1020.000000,0.000297
601.000000,426.000000,1045.000000,0.000229
601.000000,426.000000,1070.000000,0.000177
601.000000,426.000000,1095.000000,0.000135
601.000000,426.000000,1120.000000,0.000104
601.000000,426.000000,1145.000000,0.000078
601.000000,426.000000,1170.000000,0.000059
601.000000,426.000000,1195.000000,0.000044
601.000000,532.000000,970.000000,0.015788
601.000000,532.000000,995.000000,0.012809
601.000000,532.000000,1020.000000,0.010336
601.000000,532.000000,1045.000000,0.008314
601.000000,532.000000,1070.000000,0.006632
601.000000,532.000000,1095.000000,0.005288
601.000000,532.000000,1120.000000,0.004178
601.000000,532.000000,1145.000000,0.003294
601.000000,532.000000,1170.000000,0.002565
601.000000,532.000000,1195.000000,0.001983
601.000000,638.000000,970.000000,0.273426
601.000000,638.000000,995.000000,0.230280
601.000000,638.000000,1020.000000,0.193470
601.000000,638.000000,1045.000000,0.161195
601.000000,638.000000,1070.000000,0.134142
601.000000,638.000000,1095.000000,0.110922
601.000000,638.000000,1120.000000,0.090878
601.000000,638.000000,1145.000000,0.074338
601.000000,638.000000,1170.000000,0.059760
601.000000,638.000000,1195.000000,0.047494
601.000000,744.000000,970.000000,2.552781
601.000000,744.000000,995.000000,2.239844
601.000000,744.000000,1020.000000,1.952400
601.000000,744.000000,1045.000000,1.690528
601.000000,744.000000,1070.000000,1.459597
601.000000,744.000000,1095.000000,1.248155
601.000000,744.000000,1120.000000,1.058868
601.000000,744.000000,1145.000000,0.891949
601.000000,744.000000,1170.000000,0.738733
601.000000,744.000000,1195.000000,0.605968
601.000000,850.000000,970.000000,12.836647
601.000000,850.000000,995.000000,11.692688
601.000000,850.000000,1020.000000,10.591348
601.000000,850.000000,1045.000000,9.515798
601.000000,850.000000,1070.000000,8.483885
601.000000,850.000000,1095.000000,7.530783
601.000000,850.000000,1120.000000,6.592260
601.000000,850.000000,1145.000000,5.710841
601.000000,850.000000,1170.000000,4.871945
601.000000,850.000000,1195.000000,4.091375
601.000000,956.000000,970.000000,34.804589
601.000000,956.000000,995.000000,32.862599
601.000000,956.000000,1020.000000,30.900027
601.000000,956.000000,1045.000000,28.744747
601.000000,956.000000,1070.000000,26.534971
601.000000,956.000000,1095.000000,24.205563
601.000000,956.000000,1120.000000,21.861208
601.000000,956.000000,1145.000000,19.407794
601.000000,956.000000,1170.000000,16.979102
601.000000,956.000000,1195.000000,14.576029
601.000000,1062.000000,970.000000,50.635188
601.000000,1062.000000,995.000000,49.651999
601.000000,1062.000000,1020.000000,48.242926
601.000000,1062.000000,1045.000000,46.410927
601.000000,1062.000000,1070.000000,44.183197
601.000000,1062.000000,1095.000000,41.537734
601.000000,1062.000000,1120.000000,38.464978
601.000000,1062.000000,1145.000000,35.021759
601.000000,1062.000000,1170.000000,31.297569
601.000000,1062.000000,1195.000000,27.413091
601.000000,1168.000000,970.000000,39.704796
601.000000,1168.000000,995.000000,40.294119
601.000000,1168.000000,1020.000000,40.400692
601.000000,1168.000000,1045.000000,40.075969
601.000000,1168.000000,1070.000000,39.248316
601.000000,1168.000000,1095.000000,37.854749
601.000000,1168.000000,1120.000000,35.895455
601.000000,1168.000000,1145.000000,33.378169
601.000000,1168.000000,1170.000000,30.409308
601.000000,1168.000000,1195.000000,27.104632
601.000000,1274.000000,970.000000,16.671565
601.000000,1274.000000,995.000000,17.465040
601.000000,1274.000000,1020.000000,18.042466
601.000000,1274.000000,1045.000000,18.433406
601.000000,1274.000000,1070.000000,18.488811
601.000000,1274.000000,1095.000000,18.260223
601.000000,1274.000000,1120.000000,17.696792
601.000000,1274.000000,1145.000000,16.777145
601.000000,1274.000000,1170.000000,15.565872
601.000000,1274.000000,1195.000000,14.108602
672.000000,320.000000,970.000000,0.000004
672.000000,320.000000,995.000000,0.000003
672.000000,320.000000,1020.000000,0.000002
672.000000,320.000000,1045.000000,0.000002
672.000000,320.000000,1070.000000,0.000001
672.000000,320.000000,1095.000000,0.000001
672.000000,320.000000,1120.000000,0.000001
672.000000,320.000000,1145.000000,0.000001
672.000000,320.000000,1170.000000,0.000000
672.000000,320.000000,1195.000000,0.000000
672.000000,426.000000,970.000000,0.000259
672.000000,426.000000,995.000000,0.000201
672.000000,426.000000,1020.000000,0.000155
672.000000,426.000000,1045.000000,0.000120
672.000000,426.000000,1070.000000,0.000093
672.000000,426.000000,1095.000000,0.000071
672.000000,426.000000,1120.000000,0.000054
672.000000,426.000000,1145.000000,0.000041
672.000000,426.000000,1170.000000,0.000031
672.000000,426.000000,1195.000000,0.000023
672.000000,532.000000,970.000000,0.008298
672.000000,532.000000,995.000000,0.006722
672.000000,532.000000,1020.000000,0.005420
672.000000,532.000000,1045.000000,0.004350
672.000000,532.000000,1070.000000,0.003473
672.000000,532.000000,1095.000000,0.002769
672.000000,532.000000,1120.000000,0.002188
672.000000,532.000000,1145.000000,0.001723
672.000000,532.000000,1170.000000,0.001341
672.000000,532.000000,1195.000000,0.001037
672.000000,638.000000,970.000000,0.143731
672.000000,638.000000,995.000000,0.120627
672.000000,638.000000,1020.000000,0.101319
672.000000,638.000000,1045.000000,0.084624
672.000000,638.000000,1070.000000,0.070220
672.000000,638.000000,1095.000000,0.058085
672.000000,638.000000,1120.000000,0.047597
672.000000,638.000000,1145.000000,0.038688
672.000000,638.000000,1170.000000,0.031157
672.000000,638.000000,1195.000000,0.024884
672.000000,744.000000,970.000000,1.337469
672.000000,744.000000,995.000000,1.169120
672.000000,744.000000,1020.000000,1.018910
672.000000,744.000000,1045.000000,0.883838
672.000000,744.000000,1070.000000,0.761730
672.000000,744.000000,1095.000000,0.652711
672.000000,744.000000,1120.000000,0.554128
672.000000,744.000000,1145.000000,0.465880
672.000000,744.000000,1170.000000,0.385527
672.000000,744.000000,1195.000000,0.315668
672.000000,850.000000,970.000000,6.724915
672.000000,850.000000,995.000000,6.126216
672.000000,850.000000,1020.000000,5.541357
672.000000,850.000000,1045.000000,4.977796
672.000000,850.000000,1070.000000,4.449887
672.000000,850.000000,1095.000000,3.929134
672.000000,850.000000,1120.000000,3.457994
672.000000,850.000000,1145.000000,2.975197
672.000000,850.000000,1170.000000,2.537553
672.000000,850.000000,1195.000000,2.129370
672.000000,956.000000,970.000000,18.208298
672.000000,956.000000,995.000000,17.204352
672.000000,956.000000,1020.000000,16.147721
672.000000,956.000000,1045.000000,15.034364
672.000000,956.000000,1070.000000,13.884994
672.000000,956.000000,1095.000000,12.633332
672.000000,956.000000,1120.000000,11.410707
672.000000,956.000000,1145.000000,10.130893
672.000000,956.000000,1170.000000,8.846243
672.000000,956.000000,1195.000000,7.615543
672.000000,1062.000000,970.000000,26.525754
672.000000,1062.000000,995.000000,25.998949
672.000000,1062.000000,1020.000000,25.203927
672.000000,1062.000000,1045.000000,24.284331
672.000000,1062.000000,1070.000000,23.088119
672.000000,1062.000000,1095.000000,21.678239
672.000000,1062.000000,1120.000000,20.071431
672.000000,1062.000000,1145.000000,18.252536
672.000000,1062.000000,1170.000000,16.338479
672.000000,1062.000000,1195.000000,14.282482
672.000000,1168.000000,970.000000,20.773803
672.000000,1168.000000,995.000000,21.037005
672.000000,1168.000000,1020.000000,21.112902
672.000000,1168.000000,1045.000000,20.922652
672.000000,1168.000000,1070.000000,20.479507
672.000000,1168.000000,1095.000000,19.740740
672.000000,1168.000000,1120.000000,18.715207
672.000000,1168.000000,1145.000000,17.434094
672.000000,1168.000000,1170.000000,15.862667
672.000000,1168.000000,1195.000000,14.158264
672.000000,1274.000000,970.000000,8.715723
672.000000,1274.000000,995.000000,9.132661
672.000000,1274.000000,1020.000000,9.426362
672.000000,1274.000000,1045.000000,9.617657
672.000000,1274.000000,1070.000000,9.645220
672.000000,1274.000000,1095.000000,9.532194
672.000000,1274.000000,1120.000000,9.225222
672.000000,1274.000000,1145.000000,8.751259
672.000000,1274.000000,1170.000000,8.112101
672.000000,1274.000000,1195.000000,7.355828
743.000000,320.000000,970.000000,0.000002
743.000000,320.000000,995.000000,0.000001
743.000000,320.000000,1020.000000,0.000001
743.000000,320.000000,1045.000000,0.000001
743.000000,320.000000,1070.000000,0.000001
743.000000,320.000000,1095.000000,0.000000
743.000000,320.000000,1120.000000,0.000000
743.000000,320.000000,1145.000000,0.000000
743.000000,320.000000,1170.000000,0.000000
743.000000,320.000000,1195.000000,0.000000
743.000000,426.000000,970.000000,0.000101
743.000000,426.000000,995.000000,0.000078
743.000000,426.000000,1020.000000,0.000061
743.000000,426.000000,1045.000000,0.000047
743.000000,426.000000,1070.000000,0.000036
743.000000,426.000000,1095.000000,0.000027
743.000000,426.000000,1120.000000,0.000021
743.000000,426.000000,1145.000000,0.000016
743.000000,426.000000,1170.000000,0.000012
743.000000,426.000000,1195.000000,0.000009
743.000000,532.000000,970.000000,0.003240
743.000000,532.000000,995.000000,0.002617
743.000000,532.000000,1020.000000,0.002110
743.000000,532.000000,1045.000000,0.001691
743.000000,532.000000,1070.000000,0.001350
743.000000,532.000000,1095.000000,0.001073
743.000000,532.000000,1120.000000,0.000852
743.000000,532.000000,1145.000000,0.000667
743.000000,532.000000,1170.000000,0.000517
743.000000,532.000000,1195.000000,0.000400
743.000000,638.000000,970.000000,0.055850
743.000000,638.000000,995.000000,0.046948
743.000000,638.000000,1020.000000,0.039456
743.000000,638.000000,1045.000000,0.032850
743.000000,638.000000,1070.000000,0.027197
743.000000,638.000000,1095.000000,0.022550
743.000000,638.000000,1120.000000,0.018466
743.000000,638.000000,1145.000000,0.015033
743.000000,638.000000,1170.000000,0.012088
743.000000,638.000000,1195.000000,0.009621
743.000000,744.000000,970.000000,0.521662
743.000000,744.000000,995.000000,0.455232
743.000000,744.000000,1020.000000,0.396817
743.000000,744.000000,1045.000000,0.343114
743.000000,744.000000,1070.000000,0.296265
743.000000,744.000000,1095.000000,0.253246
743.000000,744.000000,1120.000000,0.214764
743.000000,744.000000,1145.000000,0.180374
743.000000,744.000000,1170.000000,0.149293
743.000000,744.000000,1195.000000,0.122246
743.000000,850.000000,970.000000,2.617103
743.000000,850.000000,995.000000,2.380465
743.000000,850.000000,1020.000000,2.150126
743.000000,850.000000,1045.000000,1.930896
743.000000,850.000000,1070.000000,1.723521
743.000000,850.000000,1095.000000,1.526577
743.000000,850.000000,1120.000000,1.334069
743.000000,850.000000,1145.000000,1.151768
743.000000,850.000000,1170.000000,0.984202
743.000000,850.000000,1195.000000,0.824743
743.000000,956.000000,970.000000,7.066971
743.000000,956.000000,995.000000,6.668695
743.000000,956.000000,1020.000000,6.268555
743.000000,956.000000,1045.000000,5.829748
743.000000,956.000000,1070.000000,5.381630
743.000000,956.000000,1095.000000,4.897579
743.000000,956.000000,1120.000000,4.421782
743.000000,956.000000,1145.000000,3.918237
743.000000,956.000000,1170.000000,3.416860
743.000000,956.000000,1195.000000,2.944922
743.000000,1062.000000,970.000000,10.312318
743.000000,1062.000000,995.000000,10.091304
743.000000,1062.000000,1020.000000,9.796690
743.000000,1062.000000,1045.000000,9.414170
743.000000,1062.000000,1070.000000,8.954324
743.000000,1062.000000,1095.000000,8.412478
743.000000,1062.000000,1120.000000,7.763975
743.000000,1062.000000,1145.000000,7.075014
743.000000,1062.000000,1170.000000,6.320593
743.000000,1062.000000,1195.000000,5.538347
743.000000,1168.000000,970.000000,8.061765
743.000000,1168.000000,995.000000,8.156631
743.000000,1168.000000,1020.000000,8.193290
743.000000,1168.000000,1045.000000,8.120446
743.000000,1168.000000,1070.000000,7.945017
743.000000,1168.000000,1095.000000,7.655307
743.000000,1168.000000,1120.000000,7.253973
743.000000,1168.000000,1145.000000,6.746686
743.000000,1168.000000,1170.000000,6.151784
743.000000,1168.000000,1195.000000,5.473466
743.000000,1274.000000,970.000000,3.382743
743.000000,1274.000000,995.000000,3.540347
743.000000,1274.000000,1020.000000,3.651976
743.000000,1274.000000,1045.000000,3.727846
743.000000,1274.000000,1070.000000,3.740966
743.000000,1274.000000,1095.000000,3.697814
743.000000,1274.000000,1120.000000,3.573872
743.000000,1274.000000,1145.000000,3.383122
743.000000,1274.000000,1170.000000,3.127200
743.000000,1274.000000,1195.000000,2.836172
814.000000,320.000000,970.000000,0.000000
814.000000,320.000000,995.000000,0.000000
814.000000,320.000000,1020.000000,0.000000
814.000000,320.000000,1045.000000,0.000000
814.000000,320.000000,1070.000000,0.000000
814.000000,320.000000,1095.000000,0.000000
814.000000,320.000000,1120.000000,0.000000
814.000000,320.000000,1145.000000,0.000000
814.000000,320.000000,1170.000000,0.000000
814.000000,320.000000,1195.000000,0.000000
814.000000,426.000000,970.000000,0.000029
814.000000,426.000000,995.000000,0.000023
814.000000,426.000000,1020.000000,0.000018
814.000000,426.000000,1045.000000,0.000014
814.000000,426.000000,1070.000000,0.000010
814.000000,426.000000,1095.000000,0.000008
814.000000,426.000000,1120.000000,0.000006
814.000000,426.000000,1145.000000,0.000005
814.000000,426.000000,1170.000000,0.000003
814.000000,426.000000,1195.000000,0.000003
814.000000,532.000000,970.000000,0.000937
814.000000,532.000000,995.000000,0.000756
814.000000,532.000000,1020.000000,0.000608
814.000000,532.000000,1045.000000,0.000488
814.000000,532.000000,1070.000000,0.000391
814.000000,532.000000,1095.000000,0.000309
814.000000,532.000000,1120.000000,0.000245
814.000000,532.000000,1145.000000,0.000192
814.000000,532.000000,1170.000000,0.000150
814.000000,532.000000,1195.000000,0.000116
814.000000,638.000000,970.000000,0.016186
814.000000,638.000000,995.000000,0.013573
814.000000,638.000000,1020.000000,0.011338
814.000000,638.000000,1045.000000,0.009456
814.000000,638.000000,1070.000000,0.007846
814.000000,638.000000,1095.000000,0.006497
814.000000,638.000000,1120.000000,0.005308
814.000000,638.000000,1145.000000,0.004317
814.000000,638.000000,1170.000000,0.003473
814.000000,638.000000,1195.000000,0.002759
814.000000,744.000000,970.000000,0.150435
814.000000,744.000000,995.000000,0.131413
814.000000,744.000000,1020.000000,0.114435
814.000000,744.000000,1045.000000,0.099093
814.000000,744.000000,1070.000000,0.085385
814.000000,744.000000,1095.000000,0.073023
814.000000,744.000000,1120.000000,0.061606
814.000000,744.000000,1145.000000,0.051760
814.000000,744.000000,1170.000000,0.042850
814.000000,744.000000,1195.000000,0.035096
814.000000,850.000000,970.000000,0.755177
814.000000,850.000000,995.000000,0.687530
814.000000,850.000000,1020.000000,0.620019
814.000000,850.000000,1045.000000,0.557449
814.000000,850.000000,1070.000000,0.496195
814.000000,850.000000,1095.000000,0.439574
814.000000,850.000000,1120.000000,0.384217
814.000000,850.000000,1145.000000,0.331678
814.000000,850.000000,1170.000000,0.283012
814.000000,850.000000,1195.000000,0.236639
814.000000,956.000000,970.000000,2.042711
814.000000,956.000000,995.000000,1.929461
814.000000,956.000000,1020.000000,1.808016
814.000000,956.000000,1045.000000,1.679687
814.000000,956.000000,1070.000000,1.548023
814.000000,956.000000,1095.000000,1.411503
814.000000,956.000000,1120.000000,1.271602
814.000000,956.000000,1145.000000,1.127964
814.000000,956.000000,1170.000000,0.983966
814.000000,956.000000,1195.000000,0.846466
814.000000,1062.000000,970.000000,2.967159
814.000000,1062.000000,995.000000,2.908447
814.000000,1062.000000,1020.000000,2.821241
814.000000,1062.000000,1045.000000,2.709956
814.000000,1062.000000,1070.000000,2.577727
814.000000,1062.000000,1095.000000,2.414978
814.000000,1062.000000,1120.000000,2.234474
814.000000,1062.000000,1145.000000,2.034671
814.000000,1062.000000,1170.000000,1.812050
814.000000,1062.000000,1195.000000,1.592948
814.000000,1168.000000,970.000000,2.320571
814.000000,1168.000000,995.000000,2.350455
814.000000,1168.000000,1020.000000,2.358447
814.000000,1168.000000,1045.000000,2.331008
814.000000,1168.000000,1070.000000,2.287044
814.000000,1168.000000,1095.000000,2.201508
814.000000,1168.000000,1120.000000,2.082920
814.000000,1168.000000,1145.000000,1.937820
814.000000,1168.000000,1170.000000,1.762292
814.000000,1168.000000,1195.000000,1.572364
814.000000,1274.000000,970.000000,0.975636
814.000000,1274.000000,995.000000,1.017469
814.000000,1274.000000,1020.000000,1.048852
814.000000,1274.000000,1045.000000,1.070405
814.000000,1274.000000,1070.000000,1.073075
814.000000,1274.000000,1095.000000,1.059701
814.000000,1274.000000,1120.000000,1.025752
814.000000,1274.000000,1145.000000,0.971503
814.000000,1274.000000,1170.000000,0.901079
814.000000,1274.000000,1195.000000,0.814491
130.000000,1105.000000,970.000000,1.935793
130.000000,1105.000000,995.000000,1.932940
130.000000,1105.000000,1020.000000,1.911863
130.000000,1105.000000,1045.000000,1.867442
130.000000,1105.000000,1070.000000,1.802775
130.000000,1105.000000,1095.000000,1.720742
130.000000,1105.000000,1120.000000,1.609214
130.000000,1105.000000,1145.000000,1.486480
130.000000,1105.000000,1170.000000,1.339843
130.000000,1105.000000,1195.000000,1.184778
130.000000,1156.000000,970.000000,1.651656
130.000000,1156.000000,995.000000,1.674069
130.000000,1156.000000,1020.000000,1.681596
130.000000,1156.000000,1045.000000,1.666885
130.000000,1156.000000,1070.000000,1.638256
130.000000,1156.000000,1095.000000,1.575171
130.000000,1156.000000,1120.000000,1.494803
130.000000,1156.000000,1145.000000,1.386617
130.000000,1156.000000,1170.000000,1.265563
130.000000,1156.000000,1195.000000,1.130276
130.000000,1207.000000,970.000000,1.219482
130.000000,1207.000000,995.000000,1.256927
130.000000,1207.000000,1020.000000,1.276840
130.000000,1207.000000,1045.000000,1.285784
130.000000,1207.000000,1070.000000,1.278357
130.000000,1207.000000,1095.000000,1.247624
130.000000,1207.000000,1120.000000,1.192265
130.000000,1207.000000,1145.000000,1.119506
130.000000,1207.000000,1170.000000,1.030571
130.000000,1207.000000,1195.000000,0.924230
130.000000,1258.000000,970.000000,0.779284
130.000000,1258.000000,995.000000,0.813804
130.000000,1258.000000,1020.000000,0.842789
130.000000,1258.000000,1045.000000,0.857954
130.000000,1258.000000,1070.000000,0.860725
130.000000,1258.000000,1095.000000,0.849288
130.000000,1258.000000,1120.000000,0.823109
130.000000,1258.000000,1145.000000,0.777563
130.000000,1258.000000,1170.000000,0.723982
130.000000,1258.000000,1195.000000,0.650844
130.000000,1309.000000,970.000000,0.429660
130.000000,1309.000000,995.000000,0.456454
130.000000,1309.000000,1020.000000,0.478579
130.000000,1309.000000,1045.000000,0.494366
130.000000,1309.000000,1070.000000,0.500198
130.000000,1309.000000,1095.000000,0.500435
130.000000,1309.000000,1120.000000,0.488446
130.000000,1309.000000,1145.000000,0.468287
130.000000,1309.000000,1170.000000,0.434707
130.000000,1309.000000,1195.000000,0.396722
130.000000,1360.000000,970.000000,0.206082
130.000000,1360.000000,995.000000,0.221067
130.000000,1360.000000,1020.000000,0.234238
130.000000,1360.000000,1045.000000,0.245421
130.000000,1360.000000,1070.000000,0.252239
130.000000,1360.000000,1095.000000,0.253391
130.000000,1360.000000,1120.000000,0.250102
130.000000,1360.000000,1145.000000,0.240470
130.000000,1360.000000,1170.000000,0.225641
130.000000,1360.000000,1195.000000,0.207561
130.000000,1411.000000,970.000000,0.084981
130.000000,1411.000000,995.000000,0.092575
130.000000,1411.000000,1020.000000,0.099640
130.000000,1411.000000,1045.000000,0.105248
130.000000,1411.000000,1070.000000,0.108986
130.000000,1411.000000,1095.000000,0.110701
130.000000,1411.000000,1120.000000,0.110344
130.000000,1411.000000,1145.000000,0.106823
130.000000,1411.000000,1170.000000,0.101471
130.000000,1411.000000,1195.000000,0.093693
130.000000,1462.000000,970.000000,0.030367
130.000000,1462.000000,995.000000,0.033530
130.000000,1462.000000,1020.000000,0.036444
130.000000,1462.000000,1045.000000,0.038993
130.000000,1462.000000,1070.000000,0.040845
130.000000,1462.000000,1095.000000,0.041780
130.000000,1462.000000,1120.000000,0.041723
130.000000,1462.000000,1145.000000,0.040885
130.000000,1462.000000,1170.000000,0.038866
130.000000,1462.000000,1195.000000,0.036047
130.000000,1513.000000,970.000000,0.009374
130.000000,1513.000000,995.000000,0.010436
130.000000,1513.000000,1020.000000,0.011510
130.000000,1513.000000,1045.000000,0.012402
130.000000,1513.000000,1070.000000,0.013084
130.000000,1513.000000,1095.000000,0.013534
130.000000,1513.000000,1120.000000,0.013667
130.000000,1513.000000,1145.000000,0.013456
130.000000,1513.000000,1170.000000,0.012833
130.000000,1513.000000,1195.000000,0.012021
130.000000,1564.000000,970.000000,0.002495
130.000000,1564.000000,995.000000,0.002819
130.000000,1564.000000,1020.000000,0.003129
130.000000,1564.000000,1045.000000,0.003406
130.000000,1564.000000,1070.000000,0.003632
130.000000,1564.000000,1095.000000,0.003781
130.000000,1564.000000,1120.000000,0.003845
130.000000,1564.000000,1145.000000,0.003810
130.000000,1564.000000,1170.000000,0.003654
130.000000,1564.000000,1195.000000,0.003441
263.000000,1105.000000,970.000000,18.260322
263.000000,1105.000000,995.000000,18.174789
263.000000,1105.000000,1020.000000,17.952867
263.000000,1105.000000,1045.000000,17.547056
263.000000,1105.000000,1070.000000,16.951561
263.000000,1105.000000,1095.000000,16.107736
263.000000,1105.000000,1120.000000,15.104101
263.000000,1105.000000,1145.000000,13.924787
263.000000,1105.000000,1170.000000,12.555247
263.000000,1105.000000,1195.000000,11.111302
263.000000,1156.000000,970.000000,15.577560
263.000000,1156.000000,995.000000,15.760118
263.000000,1156.000000,1020.000000,15.807792
263.000000,1156.000000,1045.000000,15.648174
263.000000,1156.000000,1070.000000,15.306592
263.000000,1156.000000,1095.000000,14.752205
263.000000,1156.000000,1120.000000,13.995929
263.000000,1156.000000,1145.000000,13.008375
263.000000,1156.000000,1170.000000,11.847478
263.000000,1156.000000,1195.000000,10.552544
263.000000,1207.000000,970.000000,11.482358
263.000000,1207.000000,995.000000,11.798122
263.000000,1207.000000,1020.000000,12.009126
263.000000,1207.000000,1045.000000,12.072420
263.000000,1207.000000,1070.000000,11.991306
263.000000,1207.000000,1095.000000,11.655652
263.000000,1207.000000,1120.000000,11.147089
263.000000,1207.000000,1145.000000,10.466059
263.000000,1207.000000,1170.000000,9.638551
263.000000,1207.000000,1195.000000,8.633803
263.000000,1258.000000,970.000000,7.333652
263.000000,1258.000000,995.000000,7.664524
263.000000,1258.000000,1020.000000,7.906847
263.000000,1258.000000,1045.000000,8.045604
263.000000,1258.000000,1070.000000,8.077200
263.000000,1258.000000,1095.000000,7.959703
263.000000,1258.000000,1120.000000,7.696031
263.000000,1258.000000,1145.000000,7.288726
263.000000,1258.000000,1170.000000,6.741715
263.000000,1258.000000,1195.000000,6.113636
263.000000,1309.000000,970.000000,4.056169
263.000000,1309.000000,995.000000,4.297799
263.000000,1309.000000,1020.000000,4.485573
263.000000,1309.000000,1045.000000,4.633619
263.000000,1309.000000,1070.000000,4.691022
263.000000,1309.000000,1095.000000,4.678294
263.000000,1309.000000,1120.000000,4.564744
263.000000,1309.000000,1145.000000,4.370416
263.000000,1309.000000,1170.000000,4.075082
263.000000,1309.000000,1195.000000,3.716859
263.000000,1360.000000,970.000000,1.933531
263.000000,1360.000000,995.000000,2.081321
263.000000,1360.000000,1020.000000,2.202797
263.000000,1360.000000,1045.000000,2.303532
263.000000,1360.000000,1070.000000,2.360645
263.000000,1360.000000,1095.000000,2.370086
263.000000,1360.000000,1120.000000,2.334191
263.000000,1360.000000,1145.000000,2.250579
263.000000,1360.000000,1170.000000,2.118139
263.000000,1360.000000,1195.000000,1.941408
263.000000,1411.000000,970.000000,0.800219
263.000000,1411.000000,995.000000,0.869215
263.000000,1411.000000,1020.000000,0.935432
263.000000,1411.000000,1045.000000,0.985297
263.000000,1411.000000,1070.000000,1.023938
263.000000,1411.000000,1095.000000,1.037876
263.000000,1411.000000,1120.000000,1.030485
263.000000,1411.000000,1145.000000,0.998571
263.000000,1411.000000,1170.000000,0.946099
263.000000,1411.000000,1195.000000,0.871990
263.000000,1462.000000,970.000000,0.284950
263.000000,1462.000000,995.000000,0.315017
263.000000,1462.000000,1020.000000,0.342442
263.000000,1462.000000,1045.000000,0.364824
263.000000,1462.000000,1070.000000,0.382208
263.000000,1462.000000,1095.000000,0.390240
263.000000,1462.000000,1120.000000,0.391491
263.000000,1462.000000,1145.000000,0.382735
263.000000,1462.000000,1170.000000,0.362655
263.000000,1462.000000,1195.000000,0.338095
263.000000,1513.000000,970.000000,0.087848
263.000000,1513.000000,995.000000,0.098162
263.000000,1513.000000,1020.000000,0.107821
263.000000,1513.000000,1045.000000,0.115803
263.000000,1513.000000,1070.000000,0.122351
263.000000,1513.000000,1095.000000,0.126475
263.000000,1513.000000,1120.000000,0.127561
263.000000,1513.000000,1145.000000,0.125402
263.000000,1513.000000,1170.000000,0.120246
263.000000,1513.000000,1195.000000,0.112339
263.000000,1564.000000,970.000000,0.023416
263.000000,1564.000000,995.000000,0.026417
263.000000,1564.000000,1020.000000,0.029301
263.000000,1564.000000,1045.000000,0.032063
263.000000,1564.000000,1070.000000,0.034073
263.000000,1564.000000,1095.000000,0.035469
263.000000,1564.000000,1120.000000,0.035876
263.000000,1564.000000,1145.000000,0.035618
263.000000,1564.000000,1170.000000,0.034250
263.000000,1564.000000,1195.000000,0.032085
396.000000,1105.000000,970.000000,60.405371
396.000000,1105.000000,995.000000,60.096562
396.000000,1105.000000,1020.000000,59.308524
396.000000,1105.000000,1045.000000,57.863096
396.000000,1105.000000,1070.000000,55.840088
396.000000,1105.000000,1095.000000,53.083086
396.000000,1105.000000,1120.000000,49.691591
396.000000,1105.000000,1145.000000,45.705157
396.000000,1105.000000,1170.000000,41.241593
396.000000,1105.000000,1195.000000,36.412885
396.000000,1156.000000,970.000000,51.489121
396.000000,1156.000000,995.000000,52.097862
396.000000,1156.000000,1020.000000,52.128441
396.000000,1156.000000,1045.000000,51.653677
396.000000,1156.000000,1070.000000,50.479271
396.000000,1156.000000,1095.000000,48.616198
396.000000,1156.000000,1120.000000,45.981917
396.000000,1156.000000,1145.000000,42.737112
396.000000,1156.000000,1170.000000,38.945532
396.000000,1156.000000,1195.000000,34.677982
396.000000,1207.000000,970.000000,37.975464
396.000000,1207.000000,995.000000,38.998317
396.000000,1207.000000,1020.000000,39.675597
396.000000,1207.000000,1045.000000,39.789235
396.000000,1207.000000,1070.000000,39.458948
396.000000,1207.000000,1095.000000,38.419153
396.000000,1207.000000,1120.000000,36.767501
396.000000,1207.000000,1145.000000,34.474986
396.000000,1207.000000,1170.000000,31.670517
396.000000,1207.000000,1195.000000,28.397493
396.000000,1258.000000,970.000000,24.251557
396.000000,1258.000000,995.000000,25.269848
396.000000,1258.000000,1020.000000,26.056141
396.000000,1258.000000,1045.000000,26.533560
396.000000,1258.000000,1070.000000,26.580077
396.000000,1258.000000,1095.000000,26.163396
396.000000,1258.000000,1120.000000,25.307009
396.000000,1258.000000,1145.000000,23.958989
396.000000,1258.000000,1170.000000,22.178453
396.000000,1258.000000,1195.000000,20.067109
396.000000,1309.000000,970.000000,13.398678
396.000000,1309.000000,995.000000,14.174859
396.000000,1309.000000,1020.000000,14.813109
396.000000,1309.000000,1045.000000,15.267312
396.000000,1309.000000,1070.000000,15.456145
396.000000,1309.000000,1095.000000,15.375803
396.000000,1309.000000,1120.000000,15.037075
396.000000,1309.000000,1145.000000,14.374672
396.000000,1309.000000,1170.000000,13.388941
396.000000,1309.000000,1195.000000,12.177583
396.000000,1360.000000,970.000000,6.389341
396.000000,1360.000000,995.000000,6.879216
396.000000,1360.000000,1020.000000,7.267029
396.000000,1360.000000,1045.000000,7.585236
396.000000,1360.000000,1070.000000,7.763040
396.000000,1360.000000,1095.000000,7.817069
396.000000,1360.000000,1120.000000,7.691646
396.000000,1360.000000,1145.000000,7.417840
396.000000,1360.000000,1170.000000,6.948402
396.000000,1360.000000,1195.000000,6.367717
396.000000,1411.000000,970.000000,2.633280
396.000000,1411.000000,995.000000,2.872918
396.000000,1411.000000,1020.000000,3.077737
396.000000,1411.000000,1045.000000,3.249873
396.000000,1411.000000,1070.000000,3.360917
396.000000,1411.000000,1095.000000,3.411001
396.000000,1411.000000,1120.000000,3.386757
396.000000,1411.000000,1145.000000,3.291573
396.000000,1411.000000,1170.000000,3.109435
396.000000,1411.000000,1195.000000,2.869816
396.000000,1462.000000,970.000000,0.940588
396.000000,1462.000000,995.000000,1.038345
396.000000,1462.000000,1020.000000,1.128598
396.000000,1462.000000,1045.000000,1.199047
396.000000,1462.000000,1070.000000,1.253700
396.000000,1462.000000,1095.000000,1.289893
396.000000,1462.000000,1120.000000,1.283126
396.000000,1462.000000,1145.000000,1.255740
396.000000,1462.000000,1170.000000,1.199172
396.000000,1462.000000,1195.000000,1.110208
396.000000,1513.000000,970.000000,0.290772
396.000000,1513.000000,995.000000,0.323297
396.000000,1513.000000,1020.000000,0.355903
396.000000,1513.000000,1045.000000,0.382877
396.000000,1513.000000,1070.000000,0.403429
396.000000,1513.000000,1095.000000,0.416114
396.000000,1513.000000,1120.000000,0.421516
396.000000,1513.000000,1145.000000,0.414282
396.000000,1513.000000,1170.000000,0.395867
396.000000,1513.000000,1195.000000,0.369273
396.000000,1564.000000,970.000000,0.077321
396.000000,1564.000000,995.000000,0.087307
396.000000,1564.000000,1020.000000,0.096690
396.000000,1564.000000,1045.000000,0.105336
396.000000,1564.000000,1070.000000,0.111756
396.000000,1564.000000,1095.000000,0.116730
396.000000,1564.000000,1120.000000,0.118645
396.000000,1564.000000,1145.000000,0.116760
396.000000,1564.000000,1170.000000,0.112762
396.000000,1564.000000,1195.000000,0.105422
529.000000,1105.000000,970.000000,70.387074
529.000000,1105.000000,995.000000,69.985377
529.000000,1105.000000,1020.000000,68.924535
529.000000,1105.000000,1045.000000,67.220086
529.000000,1105.000000,1070.000000,64.778522
529.000000,1105.000000,1095.000000,61.581366
529.000000,1105.000000,1120.000000,57.543621
529.000000,1105.000000,1145.000000,52.933250
529.000000,1105.000000,1170.000000,47.724706
529.000000,1105.000000,1195.000000,42.118506
529.000000,1156.000000,970.000000,59.906638
529.000000,1156.000000,995.000000,60.510385
529.000000,1156.000000,1020.000000,60.581483
529.000000,1156.000000,1045.000000,59.946506
529.000000,1156.000000,1070.000000,58.538376
529.000000,1156.000000,1095.000000,56.314880
529.000000,1156.000000,1120.000000,53.289832
529.000000,1156.000000,1145.000000,49.458045
529.000000,1156.000000,1170.000000,45.021826
529.000000,1156.000000,1195.000000,40.083609
529.000000,1207.000000,970.000000,44.181916
529.000000,1207.000000,995.000000,45.329898
529.000000,1207.000000,1020.000000,46.087358
529.000000,1207.000000,1045.000000,46.180240
529.000000,1207.000000,1070.000000,45.709335
529.000000,1207.000000,1095.000000,44.473377
529.000000,1207.000000,1120.000000,42.558072
529.000000,1207.000000,1145.000000,39.893572
529.000000,1207.000000,1170.000000,36.609634
529.000000,1207.000000,1195.000000,32.855162
529.000000,1258.000000,970.000000,28.198719
529.000000,1258.000000,995.000000,29.396026
529.000000,1258.000000,1020.000000,30.300966
529.000000,1258.000000,1045.000000,30.803063
529.000000,1258.000000,1070.000000,30.829582
529.000000,1258.000000,1095.000000,30.317880
529.000000,1258.000000,1120.000000,29.277957
529.000000,1258.000000,1145.000000,27.720779
529.000000,1258.000000,1170.000000,25.621906
529.000000,1258.000000,1195.000000,23.170521
529.000000,1309.000000,970.000000,15.556627
529.000000,1309.000000,995.000000,16.472246
529.000000,1309.000000,1020.000000,17.190739
529.000000,1309.000000,1045.000000,17.708451
529.000000,1309.000000,1070.000000,17.946384
529.000000,1309.000000,1095.000000,17.818785
529.000000,1309.000000,1120.000000,17.405539
529.000000,1309.000000,1145.000000,16.596052
529.000000,1309.000000,1170.000000,15.478202
529.000000,1309.000000,1195.000000,14.081006
529.000000,1360.000000,970.000000,7.432108
529.000000,1360.000000,995.000000,7.967278
529.000000,1360.000000,1020.000000,8.429385
529.000000,1360.000000,1045.000000,8.783147
529.000000,1360.000000,1070.000000,8.993088
529.000000,1360.000000,1095.000000,9.036421
529.000000,1360.000000,1120.000000,8.883609
529.000000,1360.000000,1145.000000,8.566146
529.000000,1360.000000,1170.000000,8.053052
529.000000,1360.000000,1195.000000,7.364385
529.000000,1411.000000,970.000000,3.064455
529.000000,1411.000000,995.000000,3.327643
529.000000,1411.000000,1020.000000,3.575531
529.000000,1411.000000,1045.000000,3.766001
529.000000,1411.000000,1070.000000,3.898733
529.000000,1411.000000,1095.000000,3.943798
529.000000,1411.000000,1120.000000,3.929456
529.000000,1411.000000,1145.000000,3.798758
529.000000,1411.000000,1170.000000,3.598426
529.000000,1411.000000,1195.000000,3.310315
529.000000,1462.000000,970.000000,1.093742
529.000000,1462.000000,995.000000,1.205004
529.000000,1462.000000,1020.000000,1.304764
529.000000,1462.000000,1045.000000,1.390878
529.000000,1462.000000,1070.000000,1.456482
529.000000,1462.000000,1095.000000,1.489041
529.000000,1462.000000,1120.000000,1.487885
529.000000,1462.000000,1145.000000,1.450501
529.000000,1462.000000,1170.000000,1.383479
529.000000,1462.000000,1195.000000,1.279956
529.000000,1513.000000,970.000000,0.337230
529.000000,1513.000000,995.000000,0.374455
529.000000,1513.000000,1020.000000,0.411827
529.000000,1513.000000,1045.000000,0.443351
529.000000,1513.000000,1070.000000,0.467681
529.000000,1513.000000,1095.000000,0.481419
529.000000,1513.000000,1120.000000,0.486586
529.000000,1513.000000,1145.000000,0.478123
529.000000,1513.000000,1170.000000,0.457859
529.000000,1513.000000,1195.000000,0.427305
529.000000,1564.000000,970.000000,0.089555
529.000000,1564.000000,995.000000,0.101185
529.000000,1564.000000,1020.000000,0.111669
529.000000,1564.000000,1045.000000,0.121945
529.000000,1564.000000,1070.000000,0.129678
529.000000,1564.000000,1095.000000,0.134402
529.000000,1564.000000,1120.000000,0.136804
529.000000,1564.000000,1145.000000,0.135262
529.000000,1564.000000,1170.000000,0.129928
529.000000,1564.000000,1195.000000,0.121847
662.000000,1105.000000,970.000000,28.864193
662.000000,1105.000000,995.000000,28.676416
662.000000,1105.000000,1020.000000,28.200079
662.000000,1105.000000,1045.000000,27.528910
662.000000,1105.000000,1070.000000,26.485063
662.000000,1105.000000,1095.000000,25.138117
662.000000,1105.000000,1120.000000,23.516891
662.000000,1105.000000,1145.000000,21.573560
662.000000,1105.000000,1170.000000,19.472099
662.000000,1105.000000,1195.000000,17.170348
662.000000,1156.000000,970.000000,24.591756
662.000000,1156.000000,995.000000,24.768254
662.000000,1156.000000,1020.000000,24.788995
662.000000,1156.000000,1045.000000,24.527449
662.000000,1156.000000,1070.000000,23.929902
662.000000,1156.000000,1095.000000,22.978275
662.000000,1156.000000,1120.000000,21.769089
662.000000,1156.000000,1145.000000,20.181026
662.000000,1156.000000,1170.000000,18.356232
662.000000,1156.000000,1195.000000,16.319864
662.000000,1207.000000,970.000000,18.083520
662.000000,1207.000000,995.000000,18.571637
662.000000,1207.000000,1020.000000,18.831117
662.000000,1207.000000,1045.000000,18.871851
662.000000,1207.000000,1070.000000,18.672048
662.000000,1207.000000,1095.000000,18.150365
662.000000,1207.000000,1120.000000,17.345120
662.000000,1207.000000,1145.000000,16.286010
662.000000,1207.000000,1170.000000,14.905847
662.000000,1207.000000,1195.000000,13.372194
662.000000,1258.000000,970.000000,11.557937
662.000000,1258.000000,995.000000,12.007095
662.000000,1258.000000,1020.000000,12.377327
662.000000,1258.000000,1045.000000,12.566076
662.000000,1258.000000,1070.000000,12.579386
662.000000,1258.000000,1095.000000,12.362761
662.000000,1258.000000,1120.000000,11.932845
662.000000,1258.000000,1145.000000,11.274367
662.000000,1258.000000,1170.000000,10.446018
662.000000,1258.000000,1195.000000,9.428763
662.000000,1309.000000,970.000000,6.368971
662.000000,1309.000000,995.000000,6.731699
662.000000,1309.000000,1020.000000,7.013235
662.000000,1309.000000,1045.000000,7.218276
662.000000,1309.000000,1070.000000,7.306135
662.000000,1309.000000,1095.000000,7.247768
662.000000,1309.000000,1120.000000,7.092793
662.000000,1309.000000,1145.000000,6.760718
662.000000,1309.000000,1170.000000,6.295262
662.000000,1309.000000,1195.000000,5.727532
662.000000,1360.000000,970.000000,3.041246
662.000000,1360.000000,995.000000,3.251605
662.000000,1360.000000,1020.000000,3.442641
662.000000,1360.000000,1045.000000,3.581491
662.000000,1360.000000,1070.000000,3.659639
662.000000,1360.000000,1095.000000,3.677657
662.000000,1360.000000,1120.000000,3.629232
662.000000,1360.000000,1145.000000,3.476586
662.000000,1360.000000,1170.000000,3.264760
662.000000,1360.000000,1195.000000,2.986994
662.000000,1411.000000,970.000000,1.250556
662.000000,1411.000000,995.000000,1.359661
662.000000,1411.000000,1020.000000,1.455064
662.000000,1411.000000,1045.000000,1.536229
662.000000,1411.000000,1070.000000,1.588653
662.000000,1411.000000,1095.000000,1.605953
662.000000,1411.000000,1120.000000,1.597540
662.000000,1411.000000,1145.000000,1.545788
662.000000,1411.000000,1170.000000,1.459149
662.000000,1411.000000,1195.000000,1.342452
662.000000,1462.000000,970.000000,0.447428
662.000000,1462.000000,995.000000,0.492078
662.000000,1462.000000,1020.000000,0.532826
662.000000,1462.000000,1045.000000,0.566244
662.000000,1462.000000,1070.000000,0.592311
662.000000,1462.000000,1095.000000,0.606074
662.000000,1462.000000,1120.000000,0.605399
662.000000,1462.000000,1145.000000,0.591673
662.000000,1462.000000,1170.000000,0.561732
662.000000,1462.000000,1195.000000,0.519012
662.000000,1513.000000,970.000000,0.136999
662.000000,1513.000000,995.000000,0.152534
662.000000,1513.000000,1020.000000,0.167486
662.000000,1513.000000,1045.000000,0.180413
662.000000,1513.000000,1070.000000,0.190190
662.000000,1513.000000,1095.000000,0.196219
662.000000,1513.000000,1120.000000,0.197656
662.000000,1513.000000,1145.000000,0.194007
662.000000,1513.000000,1170.000000,0.185652
662.000000,1513.000000,1195.000000,0.173270
662.000000,1564.000000,970.000000,0.036665
662.000000,1564.000000,995.000000,0.041314
662.000000,1564.000000,1020.000000,0.045498
662.000000,1564.000000,1045.000000,0.049295
662.000000,1564.000000,1070.000000,0.052762
662.000000,1564.000000,1095.000000,0.054871
662.000000,1564.000000,1120.000000,0.055441
662.000000,1564.000000,1145.000000,0.054991
662.000000,1564.000000,1170.000000,0.052794
662.000000,1564.000000,1195.000000,0.049347
795.000000,1105.000000,970.000000,4.160691
795.000000,1105.000000,995.000000,4.132773
795.000000,1105.000000,1020.000000,4.064890
795.000000,1105.000000,1045.000000,3.953697
795.000000,1105.000000,1070.000000,3.803281
795.000000,1105.000000,1095.000000,3.612103
795.000000,1105.000000,1120.000000,3.374122
795.000000,1105.000000,1145.000000,3.097765
795.000000,1105.000000,1170.000000,2.788371
795.000000,1105.000000,1195.000000,2.455969
795.000000,1156.000000,970.000000,3.544897
795.000000,1156.000000,995.000000,3.566609
795.000000,1156.000000,1020.000000,3.567053
795.000000,1156.000000,1045.000000,3.521377
795.000000,1156.000000,1070.000000,3.435436
795.000000,1156.000000,1095.000000,3.296450
795.000000,1156.000000,1120.000000,3.123728
795.000000,1156.000000,1145.000000,2.890783
795.000000,1156.000000,1170.000000,2.623569
795.000000,1156.000000,1195.000000,2.334347
795.000000,1207.000000,970.000000,2.606464
795.000000,1207.000000,995.000000,2.666820
795.000000,1207.000000,1020.000000,2.704477
795.000000,1207.000000,1045.000000,2.712894
795.000000,1207.000000,1070.000000,2.678667
795.000000,1207.000000,1095.000000,2.595735
795.000000,1207.000000,1120.000000,2.480430
795.000000,1207.000000,1145.000000,2.322681
795.000000,1207.000000,1170.000000,2.135412
795.000000,1207.000000,1195.000000,1.914134
795.000000,1258.000000,970.000000,1.658955
795.000000,1258.000000,995.000000,1.728720
795.000000,1258.000000,1020.000000,1.774493
795.000000,1258.000000,1045.000000,1.802827
795.000000,1258.000000,1070.000000,1.800053
795.000000,1258.000000,1095.000000,1.772871
795.000000,1258.000000,1120.000000,1.705248
795.000000,1258.000000,1145.000000,1.614470
795.000000,1258.000000,1170.000000,1.493470
795.000000,1258.000000,1195.000000,1.348046
795.000000,1309.000000,970.000000,0.915210
795.000000,1309.000000,995.000000,0.967839
795.000000,1309.000000,1020.000000,1.006001
795.000000,1309.000000,1045.000000,1.037221
795.000000,1309.000000,1070.000000,1.047949
795.000000,1309.000000,1095.000000,1.042543
795.000000,1309.000000,1120.000000,1.013248
795.000000,1309.000000,1145.000000,0.966263
795.000000,1309.000000,1170.000000,0.900892
795.000000,1309.000000,1195.000000,0.816356
795.000000,1360.000000,970.000000,0.435635
795.000000,1360.000000,995.000000,0.467143
795.000000,1360.000000,1020.000000,0.493630
795.000000,1360.000000,1045.000000,0.513159
795.000000,1360.000000,1070.000000,0.525058
795.000000,1360.000000,1095.000000,0.527139
795.000000,1360.000000,1120.000000,0.517508
795.000000,1360.000000,1145.000000,0.498376
795.000000,1360.000000,1170.000000,0.466873
795.000000,1360.000000,1195.000000,0.428530
795.000000,1411.000000,970.000000,0.179406
795.000000,1411.000000,995.000000,0.195119
795.000000,1411.000000,1020.000000,0.208965
795.000000,1411.000000,1045.000000,0.219732
795.000000,1411.000000,1070.000000,0.226885
795.000000,1411.000000,1095.000000,0.230042
795.000000,1411.000000,1120.000000,0.228018
795.000000,1411.000000,1145.000000,0.220589
795.000000,1411.000000,1170.000000,0.208665
795.000000,1411.000000,1195.000000,0.192489
795.000000,1462.000000,970.000000,0.064129
795.000000,1462.000000,995.000000,0.070531
795.000000,1462.000000,1020.000000,0.076305
795.000000,1462.000000,1045.000000,0.081052
795.000000,1462.000000,1070.000000,0.084596
795.000000,1462.000000,1095.000000,0.086694
795.000000,1462.000000,1120.000000,0.086361
795.000000,1462.000000,1145.000000,0.084477
795.000000,1462.000000,1170.000000,0.080039
795.000000,1462.000000,1195.000000,0.074150
795.000000,1513.000000,970.000000,0.019654
795.000000,1513.000000,995.000000,0.021951
795.000000,1513.000000,1020.000000,0.023988
795.000000,1513.000000,1045.000000,0.025794
795.000000,1513.000000,1070.000000,0.027205
795.000000,1513.000000,1095.000000,0.027985
795.000000,1513.000000,1120.000000,0.028272
795.000000,1513.000000,1145.000000,0.027680
795.000000,1513.000000,1170.000000,0.026571
795.000000,1513.000000,1195.000000,0.024673
795.000000,1564.000000,970.000000,0.005238
795.000000,1564.000000,995.000000,0.005916
795.000000,1564.000000,1020.000000,0.006503
795.000000,1564.000000,1045.000000,0.007101
795.000000,1564.000000,1070.000000,0.007505
795.000000,1564.000000,1095.000000,0.007816
795.000000,1564.000000,1120.000000,0.007900
795.000000,1564.000000,1145.000000,0.007852
795.000000,1564.000000,1170.000000,0.007518
795.000000,1564.000000,1195.000000,0.007055
928.000000,1105.000000,970.000000,0.211063
928.000000,1105.000000,995.000000,0.209240
928.000000,1105.000000,1020.000000,0.205553
928.000000,1105.000000,1045.000000,0.200002
928.000000,1105.000000,1070.000000,0.192100
928.000000,1105.000000,1095.000000,0.181910
928.000000,1105.000000,1120.000000,0.169696
928.000000,1105.000000,1145.000000,0.155927
928.000000,1105.000000,1170.000000,0.140360
928.000000,1105.000000,1195.000000,0.123714
928.000000,1156.000000,970.000000,0.179307
928.000000,1156.000000,995.000000,0.180760
928.000000,1156.000000,1020.000000,0.180032
928.000000,1156.000000,1045.000000,0.177612
928.000000,1156.000000,1070.000000,0.173233
928.000000,1156.000000,1095.000000,0.165830
928.000000,1156.000000,1120.000000,0.156940
928.000000,1156.000000,1145.000000,0.145416
928.000000,1156.000000,1170.000000,0.132311
928.000000,1156.000000,1195.000000,0.117474
928.000000,1207.000000,970.000000,0.132034
928.000000,1207.000000,995.000000,0.134965
928.000000,1207.000000,1020.000000,0.136583
928.000000,1207.000000,1045.000000,0.136806
928.000000,1207.000000,1070.000000,0.134952
928.000000,1207.000000,1095.000000,0.131426
928.000000,1207.000000,1120.000000,0.125554
928.000000,1207.000000,1145.000000,0.117190
928.000000,1207.000000,1170.000000,0.107161
928.000000,1207.000000,1195.000000,0.095771
928.000000,1258.000000,970.000000,0.083981
928.000000,1258.000000,995.000000,0.087345
928.000000,1258.000000,1020.000000,0.089623
928.000000,1258.000000,1045.000000,0.090843
928.000000,1258.000000,1070.000000,0.090947
928.000000,1258.000000,1095.000000,0.089311
928.000000,1258.000000,1120.000000,0.086006
928.000000,1258.000000,1145.000000,0.081583
928.000000,1258.000000,1170.000000,0.075281
928.000000,1258.000000,1195.000000,0.067622
928.000000,1309.000000,970.000000,0.046242
928.000000,1309.000000,995.000000,0.048663
928.000000,1309.000000,1020.000000,0.050741
928.000000,1309.000000,1045.000000,0.052150
928.000000,1309.000000,1070.000000,0.052713
928.000000,1309.000000,1095.000000,0.052398
928.000000,1309.000000,1120.000000,0.051049
928.000000,1309.000000,1145.000000,0.048556
928.000000,1309.000000,1170.000000,0.045094
928.000000,1309.000000,1195.000000,0.041159
928.000000,1360.000000,970.000000,0.022060
928.000000,1360.000000,995.000000,0.023546
928.000000,1360.000000,1020.000000,0.024849
928.000000,1360.000000,1045.000000,0.025886
928.000000,1360.000000,1070.000000,0.026340
928.000000,1360.000000,1095.000000,0.026557
928.000000,1360.000000,1120.000000,0.026110
928.000000,1360.000000,1145.000000,0.025024
928.000000,1360.000000,1170.000000,0.023457
928.000000,1360.000000,1195.000000,0.021469
928.000000,1411.000000,970.000000,0.009067
928.000000,1411.000000,995.000000,0.009855
928.000000,1411.000000,1020.000000,0.010507
928.000000,1411.000000,1045.000000,0.011071
928.000000,1411.000000,1070.000000,0.011448
928.000000,1411.000000,1095.000000,0.011572
928.000000,1411.000000,1120.000000,0.011430
928.000000,1411.000000,1145.000000,0.011119
928.000000,1411.000000,1170.000000,0.010431
928.000000,1411.000000,1195.000000,0.009655
928.000000,1462.000000,970.000000,0.003220
928.000000,1462.000000,995.000000,0.003545
928.000000,1462.000000,1020.000000,0.003838
928.000000,1462.000000,1045.000000,0.004078
928.000000,1462.000000,1070.000000,0.004237
928.000000,1462.000000,1095.000000,0.004336
928.000000,1462.000000,1120.000000,0.004345
928.000000,1462.000000,1145.000000,0.004236
928.000000,1462.000000,1170.000000,0.004022
928.000000,1462.000000,1195.000000,0.003713
928.000000,1513.000000,970.000000,0.000991
928.000000,1513.000000,995.000000,0.001104
928.000000,1513.000000,1020.000000,0.001209
928.000000,1513.000000,1045.000000,0.001302
928.000000,1513.000000,1070.000000,0.001364
928.000000,1513.000000,1095.000000,0.001408
928.000000,1513.000000,1120.000000,0.001418
928.000000,1513.000000,1145.000000,0.001390
928.000000,1513.000000,1170.000000,0.001330
928.000000,1513.000000,1195.000000,0.001235
928.000000,1564.000000,970.000000,0.000263
928.000000,1564.000000,995.000000,0.000296
928.000000,1564.000000,1020.000000,0.000328
928.000000,1564.000000,1045.000000,0.000356
928.000000,1564.000000,1070.000000,0.000378
928.000000,1564.000000,1095.000000,0.000392
928.000000,1564.000000,1120.000000,0.000397
928.000000,1564.000000,1145.000000,0.000393
928.000000,1564.000000,1170.000000,0.000379
928.000000,1564.000000,1195.000000,0.000351
1061.000000,1105.000000,970.000000,0.003760
1061.000000,1105.000000,995.000000,0.003705
1061.000000,1105.000000,1020.000000,0.003640
1061.000000,1105.000000,1045.000000,0.003544
1061.000000,1105.000000,1070.000000,0.003412
1061.000000,1105.000000,1095.000000,0.003229
1061.000000,1105.000000,1120.000000,0.003003
1061.000000,1105.000000,1145.000000,0.002760
1061.000000,1105.000000,1170.000000,0.002471
1061.000000,1105.000000,1195.000000,0.002180
1061.000000,1156.000000,970.000000,0.003182
1061.000000,1156.000000,995.000000,0.003211
1061.000000,1156.000000,1020.000000,0.003190
1061.000000,1156.000000,1045.000000,0.003138
1061.000000,1156.000000,1070.000000,0.003067
1061.000000,1156.000000,1095.000000,0.002942
1061.000000,1156.000000,1120.000000,0.002775
1061.000000,1156.000000,1145.000000,0.002557
1061.000000,1156.000000,1170.000000,0.002328
1061.000000,1156.000000,1195.000000,0.002076
1061.000000,1207.000000,970.000000,0.002336
1061.000000,1207.000000,995.000000,0.002393
1061.000000,1207.000000,1020.000000,0.002426
1061.000000,1207.000000,1045.000000,0.002420
1061.000000,1207.000000,1070.000000,0.002387
1061.000000,1207.000000,1095.000000,0.002304
1061.000000,1207.000000,1120.000000,0.002206
1061.000000,1207.000000,1145.000000,0.002069
1061.000000,1207.000000,1170.000000,0.001886
1061.000000,1207.000000,1195.000000,0.001698
1061.000000,1258.000000,970.000000,0.001491
1061.000000,1258.000000,995.000000,0.001548
1061.000000,1258.000000,1020.000000,0.001584
1061.000000,1258.000000,1045.000000,0.001606
1061.000000,1258.000000,1070.000000,0.001611
1061.000000,1258.000000,1095.000000,0.001576
1061.000000,1258.000000,1120.000000,0.001519
1061.000000,1258.000000,1145.000000,0.001438
1061.000000,1258.000000,1170.000000,0.001324
1061.000000,1258.000000,1195.000000,0.001195
1061.000000,1309.000000,970.000000,0.000820
1061.000000,1309.000000,995.000000,0.000863
1061.000000,1309.000000,1020.000000,0.000895
1061.000000,1309.000000,1045.000000,0.000923
1061.000000,1309.000000,1070.000000,0.000935
1061.000000,1309.000000,1095.000000,0.000925
1061.000000,1309.000000,1120.000000,0.000901
1061.000000,1309.000000,1145.000000,0.000855
1061.000000,1309.000000,1170.000000,0.000798
1061.000000,1309.000000,1195.000000,0.000726
1061.000000,1360.000000,970.000000,0.000390
1061.000000,1360.000000,995.000000,0.000416
1061.000000,1360.000000,1020.000000,0.000441
1061.000000,1360.000000,1045.000000,0.000455
1061.000000,1360.000000,1070.000000,0.000466
1061.000000,1360.000000,1095.000000,0.000469
1061.000000,1360.000000,1120.000000,0.000459
1061.000000,1360.000000,1145.000000,0.000441
1061.000000,1360.000000,1170.000000,0.000413
1061.000000,1360.000000,1195.000000,0.000378
1061.000000,1411.000000,970.000000,0.000160
1061.000000,1411.000000,995.000000,0.000174
1061.000000,1411.000000,1020.000000,0.000186
1061.000000,1411.000000,1045.000000,0.000195
1061.000000,1411.000000,1070.000000,0.000201
1061.000000,1411.000000,1095.000000,0.000204
1061.000000,1411.000000,1120.000000,0.000203
1061.000000,1411.000000,1145.000000,0.000195
1061.000000,1411.000000,1170.000000,0.000185
1061.000000,1411.000000,1195.000000,0.000170
1061.000000,1462.000000,970.000000,0.000057
1061.000000,1462.000000,995.000000,0.000063
1061.000000,1462.000000,1020.000000,0.000068
1061.000000,1462.000000,1045.000000,0.000072
1061.000000,1462.000000,1070.000000,0.000075
1061.000000,1462.000000,1095.000000,0.000077
1061.000000,1462.000000,1120.000000,0.000077
1061.000000,1462.000000,1145.000000,0.000074
1061.000000,1462.000000,1170.000000,0.000071
1061.000000,1462.000000,1195.000000,0.000065
1061.000000,1513.000000,970.000000,0.000018
1061.000000,1513.000000,995.000000,0.000020
1061.000000,1513.000000,1020.000000,0.000021
1061.000000,1513.000000,1045.000000,0.000023
1061.000000,1513.000000,1070.000000,0.000024
1061.000000,1513.000000,1095.000000,0.000025
1061.000000,1513.000000,1120.000000,0.000025
1061.000000,1513.000000,1145.000000,0.000025
1061.000000,1513.000000,1170.000000,0.000023
1061.000000,1513.000000,1195.000000,0.000022
1061.000000,1564.000000,970.000000,0.000005
1061.000000,1564.000000,995.000000,0.000005
1061.000000,1564.000000,1020.000000,0.000006
1061.000000,1564.000000,1045.000000,0.000006
1061.000000,1564.000000,1070.000000,0.000007
1061.000000,1564.000000,1095.000000,0.000007
1061.000000,1564.000000,1120.000000,0.000007
1061.000000,1564.000000,1145.000000,0.000007
1061.000000,1564.000000,1170.000000,0.000007
1061.000000,1564.000000,1195.000000,0.000006
1194.000000,1105.000000,970.000000,0.000023
1194.000000,1105.000000,995.000000,0.000023
1194.000000,1105.000000,1020.000000,0.000023
1194.000000,1105.000000,1045.000000,0.000022
1194.000000,1105.000000,1070.000000,0.000021
1194.000000,1105.000000,1095.000000,0.000020
1194.000000,1105.000000,1120.000000,0.000019
1194.000000,1105.000000,1145.000000,0.000017
1194.000000,1105.000000,1170.000000,0.000015
1194.000000,1105.000000,1195.000000,0.000013
1194.000000,1156.000000,970.000000,0.000020
1194.000000,1156.000000,995.000000,0.000020
1194.000000,1156.000000,1020.000000,0.000020
1194.000000,1156.000000,1045.000000,0.000020
1194.000000,1156.000000,1070.000000,0.000019
1194.000000,1156.000000,1095.000000,0.000018
1194.000000,1156.000000,1120.000000,0.000017
1194.000000,1156.000000,1145.000000,0.000016
1194.000000,1156.000000,1170.000000,0.000015
1194.000000,1156.000000,1195.000000,0.000013
1194.000000,1207.000000,970.000000,0.000015
1194.000000,1207.000000,995.000000,0.000015
1194.000000,1207.000000,1020.000000,0.000015
1194.000000,1207.000000,1045.000000,0.000015
1194.000000,1207.000000,1070.000000,0.000015
1194.000000,1207.000000,1095.000000,0.000014
1194.000000,1207.000000,1120.000000,0.000014
1194.000000,1207.000000,1145.000000,0.000013
1194.000000,1207.000000,1170.000000,0.000012
1194.000000,1207.000000,1195.000000,0.000011
1194.000000,1258.000000,970.000000,0.000009
1194.000000,1258.000000,995.000000,0.000010
1194.000000,1258.000000,1020.000000,0.000010
1194.000000,1258.000000,1045.000000,0.000010
1194.000000,1258.000000,1070.000000,0.000010
1194.000000,1258.000000,1095.000000,0.000010
1194.000000,1258.000000,1120.000000,0.000009
1194.000000,1258.000000,1145.000000,0.000009
1194.000000,1258.000000,1170.000000,0.000008
1194.000000,1258.000000,1195.000000,0.000007
1194.000000,1309.000000,970.000000,0.000005
1194.000000,1309.000000,995.000000,0.000005
1194.000000,1309.000000,1020.000000,0.000006
1194.000000,1309.000000,1045.000000,0.000006
1194.000000,1309.000000,1070.000000,0.000006
1194.000000,1309.000000,1095.000000,0.000006
1194.000000,1309.000000,1120.000000,0.000006
1194.000000,1309.000000,1145.000000,0.000005
1194.000000,1309.000000,1170.000000,0.000005
1194.000000,1309.000000,1195.000000,0.000004
1194.000000,1360.000000,970.000000,0.000002
1194.000000,1360.000000,995.000000,0.000003
1194.000000,1360.000000,1020.000000,0.000003
1194.000000,1360.000000,1045.000000,0.000003
1194.000000,1360.000000,1070.000000,0.000003
1194.000000,1360.000000,1095.000000,0.000003
1194.000000,1360.000000,1120.000000,0.000003
1194.000000,1360.000000,1145.000000,0.000003
1194.000000,1360.000000,1170.000000,0.000003
1194.000000,1360.000000,1195.000000,0.000002
1194.000000,1411.000000,970.000000,0.000001
1194.000000,1411.000000,995.000000,0.000001
1194.000000,1411.000000,1020.000000,0.000001
1194.000000,1411.000000,1045.000000,0.000001
1194.000000,1411.000000,1070.000000,0.000001
1194.000000,1411.000000,1095.000000,0.000001
1194.000000,1411.000000,1120.000000,0.000001
1194.000000,1411.000000,1145.000000,0.000001
1194.000000,1411.000000,1170.000000,0.000001
1194.000000,1411.000000,1195.000000,0.000001
1194.000000,1462.000000,970.000000,0.000000
1194.000000,1462.000000,995.000000,0.000000
1194.000000,1462.000000,1020.000000,0.000000
1194.000000,1462.000000,1045.000000,0.000000
1194.000000,1462.000000,1070.000000,0.000000
1194.000000,1462.000000,1095.000000,0.000000
1194.000000,1462.000000,1120.000000,0.000000
1194.000000,1462.000000,1145.000000,0.000000
1194.000000,1462.000000,1170.000000,0.000000
1194.000000,1462.000000,1195.000000,0.000000
1194.000000,1513.000000,970.000000,0.000000
1194.000000,1513.000000,995.000000,0.000000
1194.000000,1513.000000,1020.000000,0.000000
1194.000000,1513.000000,1045.000000,0.000000
1194.000000,1513.000000,1070.000000,0.000000
1194.000000,1513.000000,1095.000000,0.000000
1194.000000,1513.000000,1120.000000,0.000000
1194.000000,1513.000000,1145.000000,0.000000
1194.000000,1513.000000,1170.000000,0.000000
1194.000000,1513.000000,1195.000000,0.000000
1194.000000,1564.000000,970.000000,0.000000
1194.000000,1564.000000,995.000000,0.000000
1194.000000,1564.000000,1020.000000,0.000000
1194.000000,1564.000000,1045.000000,0.000000
1194.000000,1564.000000,1070.000000,0.000000
1194.000000,1564.000000,1095.000000,0.000000
1194.000000,1564.000000,1120.000000,0.000000
1194.000000,1564.000000,1145.000000,0.000000
1194.000000,1564.000000,1170.000000,0.000000
1194.000000,1564.000000,1195.000000,0.000000
1327.000000,1105.000000,970.000000,0.000000
1327.000000,1105.000000,995.000000,0.000000
1327.000000,1105.000000,1020.000000,0.000000
1327.000000,1105.000000,1045.000000,0.000000
1327.000000,1105.000000,1070.000000,0.000000
1327.000000,1105.000000,1095.000000,0.000000
1327.000000,1105.000000,1120.000000,0.000000
1327.000000,1105.000000,1145.000000,0.000000
1327.000000,1105.000000,1170.000000,0.000000
1327.000000,1105.000000,1195.000000,0.000000
1327.000000,1156.000000,970.000000,0.000000
1327.000000,1156.000000,995.000000,0.000000
1327.000000,1156.000000,1020.000000,0.000000
1327.000000,1156.000000,1045.000000,0.000000
1327.000000,1156.000000,1070.000000,0.000000
1327.000000,1156.000000,1095.000000,0.000000
1327.000000,1156.000000,1120.000000,0.000000
1327.000000,1156.000000,1145.000000,0.000000
1327.000000,1156.000000,1170.000000,0.000000
1327.000000,1156.000000,1195.000000,0.000000
1327.000000,1207.000000,970.000000,0.000000
1327.000000,1207.000000,995.000000,0.000000
1327.000000,1207.000000,1020.000000,0.000000
1327.000000,1207.000000,1045.000000,0.000000
1327.000000,1207.000000,1070.000000,0.000000
1327.000000,1207.000000,1095.000000,0.000000
1327.000000,1207.000000,1120.000000,0.000000
1327.000000,1207.000000,1145.000000,0.000000
1327.000000,1207.000000,1170.000000,0.000000
1327.000000,1207.000000,1195.000000,0.000000
1327.000000,1258.000000,970.000000,0.000000
1327.000000,1258.000000,995.000000,0.000000
1327.000000,1258.000000,1020.000000,0.000000
1327.000000,1258.000000,1045.000000,0.000000
1327.000000,1258.000000,1070.000000,0.000000
1327.000000,1258.000000,1095.000000,0.000000
1327.000000,1258.000000,1120.000000,0.000000
1327.000000,1258.000000,1145.000000,0.000000
1327.000000,1258.000000,1170.000000,0.000000
1327.000000,1258.000000,1195.000000,0.000000
1327.000000,1309.000000,970.000000,0.000000
1327.000000,1309.000000,995.000000,0.000000
1327.000000,1309.000000,1020.000000,0.000000
1327.000000,1309.000000,1045.000000,0.000000
1327.000000,1309.000000,1070.000000,0.000000
1327.000000,1309.000000,1095.000000,0.000000
1327.000000,1309.000000,1120.000000,0.000000
1327.000000,1309.000000,1145.000000,0.000000
1327.000000,1309.000000,1170.000000,0.000000
1327.000000,1309.000000,1195.000000,0.000000
1327.000000,1360.000000,970.000000,0.000000
1327.000000,1360.000000,995.000000,0.000000
1327.000000,1360.000000,1020.000000,0.000000
1327.000000,1360.000000,1045.000000,0.000000
1327.000000,1360.000000,1070.000000,0.000000
1327.000000,1360.000000,1095.000000,0.000000
1327.000000,1360.000000,1120.000000,0.000000
1327.000000,1360.000000,1145.000000,0.000000
1327.000000,1360.000000,1170.000000,0.000000
1327.000000,1360.000000,1195.000000,0.000000
1327.000000,1411.000000,970.000000,0.000000
1327.000000,1411.000000,995.000000,0.000000
1327.000000,1411.000000,1020.000000,0.000000
1327.000000,1411.000000,1045.000000,0.000000
1327.000000,1411.000000,1070.000000,0.000000
1327.000000,1411.000000,1095.000000,0.000000
1327.000000,1411.000000,1120.000000,0.000000
1327.000000,1411.000000,1145.000000,0.000000
1327.000000,1411.000000,1170.000000,0.000000
1327.000000,1411.000000,1195.000000,0.000000
1327.000000,1462.000000,970.000000,0.000000
1327.000000,1462.000000,995.000000,0.000000
1327.000000,1462.000000,1020.000000,0.000000
1327.000000,1462.000000,1045.000000,0.000000
1327.000000,1462.000000,1070.000000,0.000000
1327.000000,1462.000000,1095.000000,0.000000
1327.000000,1462.000000,1120.000000,0.000000
1327.000000,1462.000000,1145.000000,0.000000
1327.000000,1462.000000,1170.000000,0.000000
1327.000000,1462.000000,1195.000000,0.000000
1327.000000,1513.000000,970.000000,0.000000
1327.000000,1513.000000,995.000000,0.000000
1327.000000,1513.000000,1020.000000,0.000000
1327.000000,1513.000000,1045.000000,0.000000
1327.000000,1513.000000,1070.000000,0.000000
1327.000000,1513.000000,1095.000000,0.000000
1327.000000,1513.000000,1120.000000,0.000000
1327.000000,1513.000000,1145.000000,0.000000
1327.000000,1513.000000,1170.000000,0.000000
1327.000000,1513.000000,1195.000000,0.000000
1327.000000,1564.000000,970.000000,0.000000
1327.000000,1564.000000,995.000000,0.000000
1327.000000,1564.000000,1020.000000,0.000000
1327.000000,1564.000000,1045.000000,0.000000
1327.000000,1564.000000,1070.000000,0.000000
1327.000000,1564.000000,1095.000000,0.000000
1327.000000,1564.000000,1120.000000,0.000000
1327.000000,1564.000000,1145.000000,0.000000
1327.000000,1564.000000,1170.000000,0.000000
1327.000000,1564.000000,1195.000000,0.000000
